0.1856  -0.27861  0.41768  1.6083  0.76769  -0.34637
0.18554  -0.27866  0.41762  1.6087  0.76726  -0.34634
0.18561  -0.27861  0.41768  1.6083  0.7677  -0.34637
0.18554  -0.27866  0.41762  1.6087  0.76727  -0.34634
0.18536  -0.27884  0.41744  1.6098  0.766  -0.34628
0.18523  -0.27895  0.41732  1.6106  0.76516  -0.34624
0.18507  -0.2791  0.41715  1.6117  0.76403  -0.34617
0.1849  -0.27926  0.41699  1.6128  0.76287  -0.34611
0.18479  -0.27936  0.41688  1.6135  0.76212  -0.34606
0.18468  -0.27946  0.41677  1.6141  0.76139  -0.34602
0.18452  -0.2796  0.41662  1.6151  0.76034  -0.34596
0.18439  -0.27972  0.41649  1.616  0.75942  -0.3459
0.18424  -0.27985  0.41635  1.6169  0.75841  -0.34583
0.18408  -0.28  0.41618  1.6179  0.7573  -0.34576
0.18394  -0.28012  0.41606  1.6188  0.75641  -0.3457
0.18382  -0.28022  0.41594  1.6195  0.7556  -0.34565
0.18368  -0.28035  0.41579  1.6204  0.75461  -0.34557
0.18353  -0.28048  0.41566  1.6213  0.75366  -0.34551
0.18339  -0.2806  0.41552  1.6222  0.7527  -0.34544
0.18323  -0.28074  0.41536  1.6232  0.75164  -0.34536
0.18309  -0.28086  0.41523  1.624  0.7507  -0.34528
0.18297  -0.28097  0.41511  1.6248  0.74986  -0.34522
0.18282  -0.2811  0.41496  1.6257  0.74889  -0.34514
0.18268  -0.28122  0.41482  1.6266  0.74792  -0.34507
0.18254  -0.28134  0.41468  1.6274  0.74698  -0.34499
0.18238  -0.28148  0.41453  1.6284  0.74594  -0.3449
0.18224  -0.2816  0.41439  1.6293  0.74497  -0.34482
0.1821  -0.28171  0.41426  1.6301  0.7441  -0.34475
0.18196  -0.28183  0.41412  1.6309  0.74315  -0.34466
0.18181  -0.28196  0.41398  1.6318  0.74216  -0.34457
0.18167  -0.28208  0.41384  1.6327  0.74121  -0.34449
0.18151  -0.2822  0.41369  1.6336  0.74018  -0.34439
0.18136  -0.28233  0.41354  1.6345  0.73919  -0.3443
0.18123  -0.28244  0.41341  1.6354  0.73829  -0.34421
0.18108  -0.28256  0.41327  1.6362  0.73735  -0.34412
0.18093  -0.28268  0.41312  1.6371  0.73636  -0.34403
0.18079  -0.2828  0.41298  1.638  0.73542  -0.34394
0.18064  -0.28292  0.41283  1.6389  0.73441  -0.34383
0.18049  -0.28304  0.41269  1.6398  0.73341  -0.34373
0.18035  -0.28315  0.41255  1.6406  0.7325  -0.34364
0.1802  -0.28327  0.41241  1.6415  0.73157  -0.34355
0.18005  -0.28339  0.41226  1.6424  0.73058  -0.34345
0.17991  -0.2835  0.41212  1.6432  0.72963  -0.34335
0.17976  -0.28362  0.41197  1.6441  0.72865  -0.34325
0.1796  -0.28374  0.41182  1.645  0.72765  -0.34315
0.17946  -0.28385  0.41168  1.6459  0.72673  -0.34306
0.17932  -0.28396  0.41154  1.6467  0.72581  -0.34297
0.17917  -0.28407  0.41138  1.6476  0.72484  -0.34288
0.17902  -0.28418  0.41124  1.6485  0.7239  -0.34279
0.17887  -0.28429  0.41108  1.6494  0.72293  -0.3427
0.17872  -0.28441  0.41092  1.6504  0.72195  -0.34261
0.17858  -0.28451  0.41078  1.6513  0.72102  -0.34253
0.17843  -0.28462  0.41063  1.6521  0.72011  -0.34245
0.17829  -0.28472  0.41047  1.653  0.71917  -0.34237
0.17814  -0.28482  0.41032  1.6539  0.71825  -0.3423
0.178  -0.28493  0.41016  1.6549  0.71733  -0.34224
0.17785  -0.28503  0.41  1.6558  0.71637  -0.34218
0.1777  -0.28512  0.40984  1.6567  0.71547  -0.34212
0.17757  -0.28522  0.40969  1.6576  0.71459  -0.34206
0.17742  -0.28531  0.40952  1.6586  0.71368  -0.34202
0.17728  -0.2854  0.40936  1.6595  0.71278  -0.34197
0.17714  -0.28549  0.40919  1.6604  0.71189  -0.34193
0.17699  -0.28558  0.40902  1.6614  0.71098  -0.34191
0.17685  -0.28567  0.40885  1.6624  0.7101  -0.34188
0.17671  -0.28575  0.40869  1.6633  0.70926  -0.34185
0.17657  -0.28583  0.40852  1.6643  0.70839  -0.34183
0.17643  -0.28591  0.40834  1.6653  0.70752  -0.34181
0.1763  -0.28598  0.40817  1.6662  0.70666  -0.3418
0.17615  -0.28606  0.40798  1.6673  0.70578  -0.3418
0.17601  -0.28613  0.40779  1.6683  0.70493  -0.3418
0.17588  -0.2862  0.40762  1.6693  0.7041  -0.3418
0.17575  -0.28627  0.40743  1.6703  0.70327  -0.34181
0.17561  -0.28633  0.40724  1.6713  0.70244  -0.34184
0.17548  -0.28639  0.40706  1.6723  0.70162  -0.34186
0.17534  -0.28645  0.40686  1.6734  0.70079  -0.3419
0.17521  -0.2865  0.40666  1.6745  0.69998  -0.34194
0.17508  -0.28656  0.40647  1.6755  0.6992  -0.34198
0.17495  -0.28661  0.40627  1.6766  0.69841  -0.34203
0.17481  -0.28665  0.40607  1.6777  0.69762  -0.34209
0.17469  -0.2867  0.40587  1.6787  0.69685  -0.34216
0.17455  -0.28674  0.40566  1.6798  0.69607  -0.34224
0.17443  -0.28678  0.40544  1.681  0.6953  -0.34233
0.1743  -0.28682  0.40524  1.6821  0.69455  -0.34242
0.17418  -0.28685  0.40503  1.6832  0.69382  -0.34251
0.17405  -0.28688  0.40481  1.6843  0.69307  -0.34262
0.17392  -0.28691  0.4046  1.6854  0.69234  -0.34273
0.1738  -0.28694  0.40437  1.6866  0.6916  -0.34286
0.17367  -0.28696  0.40415  1.6878  0.69087  -0.34299
0.17355  -0.28698  0.40393  1.6889  0.69016  -0.34312
0.17343  -0.287  0.40371  1.6901  0.68945  -0.34325
0.17331  -0.28702  0.40347  1.6913  0.68875  -0.34341
0.17319  -0.28703  0.40324  1.6925  0.68806  -0.34357
0.17306  -0.28704  0.40301  1.6937  0.68736  -0.34374
0.17294  -0.28704  0.40276  1.6949  0.68667  -0.34393
0.17282  -0.28705  0.40252  1.6962  0.68599  -0.34412
0.17271  -0.28705  0.40229  1.6974  0.68533  -0.3443
0.17259  -0.28705  0.40204  1.6986  0.68467  -0.34451
0.17247  -0.28705  0.40179  1.6999  0.68401  -0.34472
0.17235  -0.28704  0.40154  1.7012  0.68336  -0.34494
0.17224  -0.28703  0.40128  1.7025  0.68271  -0.34518
0.17212  -0.28701  0.40102  1.7038  0.68207  -0.34541
0.17201  -0.287  0.40077  1.705  0.68145  -0.34564
0.17189  -0.28698  0.40051  1.7063  0.68082  -0.34589
0.17178  -0.28696  0.40025  1.7077  0.6802  -0.34614
0.17167  -0.28694  0.39999  1.709  0.67958  -0.3464
0.17155  -0.28691  0.39971  1.7103  0.67896  -0.34668
0.17144  -0.28689  0.39944  1.7117  0.67835  -0.34695
0.17133  -0.28686  0.39918  1.713  0.67775  -0.34722
0.17122  -0.28683  0.39891  1.7144  0.67715  -0.3475
0.17111  -0.28679  0.39863  1.7157  0.67656  -0.34779
0.171  -0.28676  0.39836  1.7171  0.67597  -0.34808
0.17088  -0.28672  0.39807  1.7185  0.67538  -0.34839
0.17077  -0.28667  0.39779  1.7199  0.67479  -0.3487
0.17066  -0.28664  0.39751  1.7213  0.67422  -0.349
0.17055  -0.28659  0.39723  1.7227  0.67365  -0.34931
0.17044  -0.28654  0.39694  1.7241  0.67307  -0.34964
0.17034  -0.2865  0.39666  1.7255  0.6725  -0.34996
0.17023  -0.28644  0.39636  1.727  0.67193  -0.3503
0.17012  -0.28639  0.39606  1.7284  0.67136  -0.35064
0.17001  -0.28634  0.39578  1.7298  0.67081  -0.35097
0.1699  -0.28628  0.39549  1.7312  0.67026  -0.35131
0.16979  -0.28623  0.39519  1.7327  0.6697  -0.35166
0.16969  -0.28617  0.39489  1.7341  0.66915  -0.352
0.16958  -0.28611  0.39459  1.7356  0.66859  -0.35236
0.16947  -0.28604  0.39428  1.7371  0.66803  -0.35272
0.16936  -0.28598  0.39398  1.7386  0.66749  -0.35306
0.16925  -0.28592  0.39369  1.74  0.66695  -0.35341
0.16915  -0.28585  0.39338  1.7415  0.6664  -0.35378
0.16904  -0.28578  0.39308  1.743  0.66587  -0.35414
0.16893  -0.28571  0.39277  1.7445  0.66532  -0.35451
0.16882  -0.28564  0.39245  1.746  0.66477  -0.35488
0.16871  -0.28557  0.39215  1.7475  0.66424  -0.35525
0.16861  -0.2855  0.39184  1.749  0.66371  -0.35561
0.1685  -0.28543  0.39153  1.7505  0.66316  -0.35597
0.16839  -0.28536  0.39122  1.752  0.66263  -0.35634
0.16828  -0.28528  0.3909  1.7535  0.66208  -0.35671
0.16817  -0.28521  0.39058  1.755  0.66153  -0.35708
0.16806  -0.28513  0.39027  1.7565  0.66099  -0.35744
0.16796  -0.28506  0.38996  1.758  0.66046  -0.3578
0.16785  -0.28498  0.38964  1.7595  0.65991  -0.35817
0.16774  -0.2849  0.38933  1.7611  0.65937  -0.35854
0.16763  -0.28483  0.38901  1.7626  0.65883  -0.35891
0.16752  -0.28475  0.38869  1.7641  0.65828  -0.35928
0.16741  -0.28467  0.38837  1.7657  0.65774  -0.35964
0.1673  -0.28459  0.38806  1.7672  0.65721  -0.36
0.16719  -0.28451  0.38774  1.7687  0.65667  -0.36037
0.16708  -0.28443  0.38742  1.7702  0.65612  -0.36073
0.16697  -0.28435  0.3871  1.7717  0.65558  -0.36109
0.16685  -0.28427  0.38677  1.7733  0.65502  -0.36145
0.16674  -0.28418  0.38645  1.7748  0.65447  -0.3618
0.16663  -0.28411  0.38613  1.7763  0.65393  -0.36215
0.16652  -0.28402  0.38581  1.7778  0.65338  -0.3625
0.16641  -0.28394  0.38549  1.7794  0.65282  -0.36285
0.1663  -0.28386  0.38517  1.7809  0.65227  -0.36319
0.16618  -0.28378  0.38485  1.7824  0.65171  -0.36353
0.16607  -0.2837  0.38452  1.784  0.65115  -0.36388
0.16596  -0.28362  0.38421  1.7855  0.6506  -0.36421
0.16584  -0.28354  0.38389  1.787  0.65005  -0.36454
0.16573  -0.28346  0.38356  1.7885  0.64948  -0.36488
0.16561  -0.28338  0.38324  1.79  0.64892  -0.3652
0.1655  -0.2833  0.38292  1.7916  0.64834  -0.36553
0.16538  -0.28321  0.38259  1.7931  0.64777  -0.36585
0.16527  -0.28313  0.38227  1.7946  0.64721  -0.36617
0.16515  -0.28305  0.38196  1.7961  0.64664  -0.36649
0.16503  -0.28297  0.38163  1.7976  0.64607  -0.3668
0.16492  -0.28289  0.38131  1.7991  0.64549  -0.36711
0.1648  -0.28281  0.38099  1.8007  0.64491  -0.36742
0.16468  -0.28273  0.38066  1.8022  0.64432  -0.36773
0.16456  -0.28265  0.38034  1.8037  0.64375  -0.36803
0.16445  -0.28257  0.38002  1.8052  0.64317  -0.36833
0.16433  -0.28249  0.3797  1.8067  0.64258  -0.36862
0.16421  -0.28241  0.37938  1.8082  0.642  -0.36891
0.16409  -0.28233  0.37906  1.8097  0.64141  -0.3692
0.16397  -0.28225  0.37874  1.8112  0.64081  -0.36949
0.16385  -0.28217  0.37842  1.8127  0.64023  -0.36977
0.16373  -0.28209  0.3781  1.8142  0.63965  -0.37005
0.16361  -0.28201  0.37778  1.8157  0.63905  -0.37033
0.16349  -0.28193  0.37746  1.8172  0.63845  -0.3706
0.16337  -0.28186  0.37714  1.8187  0.63785  -0.37087
0.16324  -0.28178  0.37682  1.8202  0.63724  -0.37114
0.16312  -0.2817  0.3765  1.8217  0.63664  -0.3714
0.163  -0.28162  0.37618  1.8232  0.63604  -0.37166
0.16288  -0.28154  0.37586  1.8247  0.63543  -0.37191
0.16275  -0.28147  0.37554  1.8261  0.63482  -0.37216
0.16263  -0.28139  0.37523  1.8276  0.63421  -0.37241
0.1625  -0.28131  0.3749  1.8291  0.63358  -0.37265
0.16238  -0.28124  0.37459  1.8306  0.63296  -0.37289
0.16225  -0.28116  0.37427  1.832  0.63236  -0.37313
0.16213  -0.28113  0.374  1.8334  0.63169  -0.37331
0.162  -0.2811  0.37372  1.8347  0.63101  -0.3735
0.16188  -0.28107  0.37345  1.8361  0.63033  -0.37369
0.16175  -0.28103  0.37317  1.8374  0.62965  -0.37387
0.16162  -0.281  0.37289  1.8387  0.62897  -0.37406
0.1615  -0.28097  0.37261  1.8401  0.62829  -0.37424
0.16137  -0.28094  0.37234  1.8414  0.62761  -0.37443
0.16124  -0.2809  0.37206  1.8428  0.62693  -0.37462
0.16112  -0.28087  0.37178  1.8441  0.62625  -0.3748
0.16099  -0.28083  0.3715  1.8455  0.62558  -0.37499
0.16086  -0.2808  0.37122  1.8468  0.6249  -0.37517
0.16074  -0.28077  0.37094  1.8482  0.62424  -0.37536
0.16061  -0.28073  0.37067  1.8495  0.62357  -0.37554
0.16049  -0.28069  0.37039  1.8509  0.6229  -0.37573
0.16036  -0.28065  0.37011  1.8522  0.62223  -0.37591
0.16023  -0.28062  0.36982  1.8536  0.62155  -0.37609
0.16011  -0.28058  0.36954  1.8549  0.62088  -0.37628
0.15998  -0.28054  0.36926  1.8563  0.6202  -0.37646
0.15985  -0.28051  0.36898  1.8576  0.61952  -0.37664
0.15972  -0.28047  0.36869  1.859  0.61884  -0.37683
0.1596  -0.28043  0.36841  1.8604  0.61817  -0.37701
0.15947  -0.28039  0.36813  1.8617  0.6175  -0.37719
0.15934  -0.28035  0.36784  1.8631  0.61683  -0.37737
0.15921  -0.28031  0.36756  1.8644  0.61616  -0.37755
0.15909  -0.28026  0.36728  1.8658  0.6155  -0.37774
0.15896  -0.28022  0.367  1.8671  0.61484  -0.37792
0.15884  -0.28018  0.36671  1.8685  0.61417  -0.3781
0.15871  -0.28014  0.36643  1.8698  0.6135  -0.37828
0.15858  -0.28009  0.36614  1.8712  0.61283  -0.37846
0.15845  -0.28005  0.36586  1.8726  0.61216  -0.37864
0.15832  -0.28001  0.36557  1.8739  0.61149  -0.37882
0.1582  -0.27997  0.36529  1.8753  0.61082  -0.379
0.15807  -0.27992  0.365  1.8766  0.61015  -0.37918
0.15794  -0.27987  0.36471  1.878  0.60949  -0.37936
0.15781  -0.27983  0.36443  1.8794  0.60882  -0.37954
0.15769  -0.27978  0.36414  1.8807  0.60816  -0.37972
0.15756  -0.27974  0.36385  1.8821  0.60751  -0.3799
0.15743  -0.27969  0.36357  1.8834  0.60685  -0.38008
0.15731  -0.27964  0.36328  1.8848  0.60619  -0.38026
0.15718  -0.2796  0.36299  1.8862  0.60553  -0.38044
0.15705  -0.27955  0.3627  1.8875  0.60487  -0.38062
0.15692  -0.2795  0.36242  1.8889  0.6042  -0.38079
0.15679  -0.27945  0.36213  1.8903  0.60353  -0.38097
0.15667  -0.2794  0.36184  1.8917  0.60287  -0.38115
0.15654  -0.27935  0.36155  1.893  0.60221  -0.38132
0.15641  -0.2793  0.36126  1.8944  0.60155  -0.3815
0.15628  -0.27925  0.36097  1.8958  0.60089  -0.38168
0.15616  -0.2792  0.36068  1.8971  0.60024  -0.38186
0.15603  -0.27915  0.36039  1.8985  0.59959  -0.38203
0.1559  -0.2791  0.3601  1.8998  0.59894  -0.38221
0.15578  -0.27905  0.35981  1.9012  0.59829  -0.38239
0.15565  -0.27899  0.35952  1.9026  0.59764  -0.38256
0.15552  -0.27894  0.35923  1.904  0.59698  -0.38274
0.15539  -0.27889  0.35894  1.9053  0.59632  -0.38291
0.15527  -0.27884  0.35864  1.9067  0.59566  -0.38309
0.15514  -0.27878  0.35835  1.9081  0.59501  -0.38326
0.15501  -0.27873  0.35806  1.9095  0.59435  -0.38343
0.15488  -0.27867  0.35776  1.9108  0.5937  -0.38361
0.15475  -0.27862  0.35747  1.9122  0.59305  -0.38378
0.15463  -0.27856  0.35718  1.9136  0.5924  -0.38395
0.1545  -0.2785  0.35689  1.9149  0.59176  -0.38413
0.15437  -0.27845  0.3566  1.9163  0.59112  -0.3843
0.15425  -0.27839  0.3563  1.9177  0.59048  -0.38448
0.15412  -0.27833  0.35601  1.919  0.58984  -0.38465
0.15399  -0.27828  0.35572  1.9204  0.58919  -0.38482
0.15387  -0.27822  0.35542  1.9218  0.58854  -0.38499
0.15374  -0.27816  0.35513  1.9232  0.58789  -0.38517
0.15361  -0.2781  0.35483  1.9245  0.58724  -0.38534
0.15348  -0.27804  0.35454  1.9259  0.5866  -0.38551
0.15335  -0.27798  0.35424  1.9273  0.58596  -0.38568
0.15323  -0.27792  0.35394  1.9287  0.58531  -0.38585
0.1531  -0.27786  0.35365  1.9301  0.58467  -0.38602
0.15297  -0.2778  0.35336  1.9314  0.58404  -0.38619
0.15285  -0.27774  0.35306  1.9328  0.5834  -0.38636
0.15272  -0.27768  0.35277  1.9342  0.58277  -0.38653
0.1526  -0.27761  0.35247  1.9355  0.58214  -0.3867
0.15247  -0.27755  0.35217  1.9369  0.5815  -0.38687
0.15234  -0.27749  0.35188  1.9383  0.58087  -0.38704
0.15222  -0.27743  0.35158  1.9397  0.58023  -0.38721
0.15209  -0.27736  0.35128  1.9411  0.57959  -0.38738
0.15196  -0.2773  0.35098  1.9424  0.57895  -0.38755
0.15183  -0.27724  0.35069  1.9438  0.57832  -0.38772
0.15171  -0.27717  0.35039  1.9452  0.57769  -0.38788
0.15158  -0.27711  0.35009  1.9466  0.57706  -0.38805
0.15146  -0.27704  0.34979  1.9479  0.57643  -0.38822
0.15133  -0.27697  0.3495  1.9493  0.57581  -0.38839
0.15121  -0.27691  0.3492  1.9507  0.57519  -0.38856
0.15108  -0.27684  0.34891  1.9521  0.57456  -0.38873
0.15095  -0.27677  0.34861  1.9534  0.57394  -0.38889
0.15083  -0.27671  0.34831  1.9548  0.57331  -0.38906
0.1507  -0.27664  0.34801  1.9562  0.57269  -0.38923
0.15058  -0.27657  0.34771  1.9576  0.57206  -0.38939
0.15045  -0.2765  0.34741  1.959  0.57143  -0.38956
0.15032  -0.27644  0.34711  1.9603  0.57081  -0.38972
0.1502  -0.27637  0.34681  1.9617  0.57019  -0.38989
0.15007  -0.2763  0.34652  1.9631  0.56957  -0.39005
0.14995  -0.27623  0.34622  1.9645  0.56895  -0.39022
0.14982  -0.27616  0.34592  1.9658  0.56834  -0.39038
0.1497  -0.27609  0.34562  1.9672  0.56773  -0.39055
0.14958  -0.27602  0.34533  1.9686  0.56712  -0.39071
0.14945  -0.27595  0.34503  1.9699  0.56651  -0.39087
0.14933  -0.27587  0.34473  1.9713  0.5659  -0.39103
0.1492  -0.2758  0.34443  1.9727  0.56528  -0.3912
0.14908  -0.27573  0.34413  1.974  0.56467  -0.39136
0.14895  -0.27566  0.34383  1.9754  0.56405  -0.39152
0.14883  -0.27559  0.34353  1.9768  0.56344  -0.39168
0.1487  -0.27552  0.34323  1.9782  0.56283  -0.39183
0.14858  -0.27544  0.34293  1.9795  0.56222  -0.39199
0.14845  -0.27537  0.34263  1.9809  0.56161  -0.39215
0.14833  -0.2753  0.34233  1.9823  0.561  -0.39231
0.14821  -0.27523  0.34204  1.9836  0.5604  -0.39247
0.14808  -0.27515  0.34174  1.985  0.5598  -0.39262
0.14796  -0.27508  0.34144  1.9864  0.5592  -0.39278
0.14784  -0.27501  0.34114  1.9877  0.55859  -0.39293
0.14771  -0.27493  0.34084  1.9891  0.55799  -0.39309
0.14759  -0.27486  0.34055  1.9905  0.55738  -0.39324
0.14746  -0.27478  0.34025  1.9918  0.55678  -0.3934
0.14734  -0.27471  0.33995  1.9932  0.55617  -0.39355
0.14722  -0.27464  0.33965  1.9945  0.55557  -0.3937
0.14709  -0.27456  0.33935  1.9959  0.55497  -0.39385
0.14697  -0.27449  0.33905  1.9973  0.55437  -0.394
0.14685  -0.27441  0.33875  1.9986  0.55377  -0.39415
0.14672  -0.27434  0.33846  2  0.55318  -0.3943
0.1466  -0.27426  0.33816  2.0013  0.55259  -0.39444
0.14648  -0.27419  0.33787  2.0027  0.55199  -0.39459
0.14636  -0.27411  0.33757  2.004  0.5514  -0.39474
0.14623  -0.27404  0.33727  2.0054  0.5508  -0.39488
0.14611  -0.27396  0.33697  2.0067  0.5502  -0.39503
0.14599  -0.27389  0.33668  2.0081  0.54961  -0.39517
0.14586  -0.27381  0.33638  2.0094  0.54901  -0.39531
0.14574  -0.27374  0.33608  2.0108  0.54842  -0.39545
0.14562  -0.27366  0.33578  2.0121  0.54783  -0.39559
0.1455  -0.27358  0.33549  2.0135  0.54723  -0.39574
0.14537  -0.27351  0.33519  2.0148  0.54664  -0.39588
0.14525  -0.27343  0.3349  2.0161  0.54606  -0.39602
0.14513  -0.27336  0.3346  2.0175  0.54548  -0.39615
0.14501  -0.27328  0.33431  2.0188  0.54489  -0.39629
0.14489  -0.2732  0.33402  2.0201  0.54431  -0.39642
0.14477  -0.27313  0.33372  2.0215  0.54372  -0.39656
0.14465  -0.27305  0.33343  2.0228  0.54314  -0.3967
0.14452  -0.27297  0.33313  2.0241  0.54255  -0.39683
0.1444  -0.2729  0.33284  2.0255  0.54196  -0.39696
0.14428  -0.27282  0.33254  2.0268  0.54138  -0.39709
0.14416  -0.27275  0.33225  2.0281  0.54079  -0.39722
0.14404  -0.27267  0.33196  2.0295  0.54021  -0.39735
0.14392  -0.27259  0.33166  2.0308  0.53963  -0.39748
0.1438  -0.27252  0.33137  2.0321  0.53905  -0.3976
0.14368  -0.27244  0.33108  2.0334  0.53847  -0.39773
0.14356  -0.27237  0.33079  2.0347  0.53789  -0.39785
0.14344  -0.27229  0.3305  2.036  0.53732  -0.39797
0.14332  -0.27222  0.33021  2.0373  0.53674  -0.39809
0.14319  -0.27214  0.32992  2.0386  0.53615  -0.39821
0.14307  -0.27207  0.32963  2.04  0.53557  -0.39833
0.14295  -0.27199  0.32934  2.0413  0.53499  -0.39845
0.14283  -0.27192  0.32905  2.0426  0.53441  -0.39857
0.14271  -0.27184  0.32876  2.0439  0.53383  -0.39868
0.14259  -0.27177  0.32847  2.0452  0.53326  -0.39879
0.14247  -0.27169  0.32818  2.0465  0.53268  -0.3989
0.14235  -0.27162  0.32789  2.0478  0.5321  -0.39902
0.14223  -0.27154  0.32761  2.0491  0.53153  -0.39912
0.14211  -0.27147  0.32732  2.0503  0.53096  -0.39923
0.14199  -0.2714  0.32704  2.0516  0.53039  -0.39933
0.14187  -0.27132  0.32675  2.0529  0.52981  -0.39944
0.14175  -0.27125  0.32647  2.0542  0.52924  -0.39954
0.14163  -0.27117  0.32618  2.0555  0.52866  -0.39964
0.14151  -0.2711  0.32589  2.0568  0.52809  -0.39975
0.14139  -0.27103  0.32561  2.0581  0.52751  -0.39984
0.14127  -0.27095  0.32532  2.0593  0.52694  -0.39994
0.14115  -0.27088  0.32504  2.0606  0.52637  -0.40003
0.14103  -0.27081  0.32476  2.0619  0.5258  -0.40012
0.14092  -0.27074  0.32447  2.0631  0.52522  -0.40022
0.1408  -0.27066  0.32419  2.0644  0.52466  -0.40031
0.14068  -0.27059  0.32391  2.0657  0.52409  -0.4004
0.14056  -0.27052  0.32364  2.0669  0.52353  -0.40048
0.14044  -0.27045  0.32336  2.0682  0.52296  -0.40057
0.14032  -0.27038  0.32307  2.0694  0.52239  -0.40065
0.1402  -0.27031  0.32279  2.0707  0.52182  -0.40074
0.14009  -0.27023  0.32251  2.0719  0.52125  -0.40083
0.13997  -0.27016  0.32223  2.0732  0.52069  -0.40091
0.13985  -0.27009  0.32195  2.0744  0.52012  -0.40098
0.13973  -0.27002  0.32168  2.0757  0.51955  -0.40106
0.13961  -0.26995  0.3214  2.0769  0.51899  -0.40113
0.13949  -0.26988  0.32112  2.0781  0.51842  -0.4012
0.13938  -0.26982  0.32085  2.0794  0.51786  -0.40127
0.13926  -0.26975  0.32058  2.0806  0.5173  -0.40134
0.13914  -0.26968  0.32031  2.0818  0.51674  -0.4014
0.13903  -0.26961  0.32003  2.083  0.51618  -0.40146
0.13891  -0.26954  0.31976  2.0842  0.51561  -0.40152
0.13879  -0.26948  0.31949  2.0854  0.51505  -0.40159
0.13867  -0.26941  0.31921  2.0867  0.51449  -0.40165
0.13856  -0.26934  0.31894  2.0879  0.51392  -0.40171
0.13844  -0.26927  0.31867  2.0891  0.51336  -0.40176
0.13832  -0.26921  0.3184  2.0903  0.5128  -0.40181
0.1382  -0.26914  0.31813  2.0915  0.51224  -0.40186
0.13809  -0.26908  0.31786  2.0927  0.51168  -0.40191
0.13797  -0.26901  0.31759  2.0939  0.51112  -0.40196
0.13785  -0.26895  0.31733  2.0951  0.51056  -0.40201
0.13774  -0.26889  0.31706  2.0962  0.51  -0.40205
0.13762  -0.26882  0.3168  2.0974  0.50944  -0.40208
0.13751  -0.26876  0.31653  2.0986  0.50889  -0.40212
0.13739  -0.2687  0.31627  2.0998  0.50833  -0.40216
0.13727  -0.26863  0.316  2.101  0.50777  -0.4022
0.13716  -0.26857  0.31574  2.1021  0.50721  -0.40223
0.13704  -0.26851  0.31547  2.1033  0.50665  -0.40227
0.13692  -0.26845  0.31521  2.1045  0.50609  -0.40229
0.13681  -0.26839  0.31495  2.1056  0.50553  -0.40232
0.13669  -0.26833  0.31469  2.1068  0.50498  -0.40235
0.13658  -0.26827  0.31443  2.1079  0.50442  -0.40237
0.13646  -0.26821  0.31417  2.1091  0.50387  -0.4024
0.13635  -0.26816  0.31391  2.1102  0.50331  -0.40241
0.13623  -0.2681  0.31366  2.1114  0.50276  -0.40243
0.13612  -0.26804  0.3134  2.1125  0.50221  -0.40244
0.136  -0.26799  0.31314  2.1136  0.50166  -0.40246
0.13588  -0.26793  0.31289  2.1148  0.5011  -0.40247
0.13577  -0.26787  0.31263  2.1159  0.50055  -0.40249
0.13565  -0.26782  0.31237  2.117  0.49999  -0.4025
0.13554  -0.26776  0.31212  2.1181  0.49944  -0.4025
0.13542  -0.26771  0.31187  2.1193  0.49889  -0.40251
0.13531  -0.26766  0.31162  2.1204  0.49834  -0.40251
0.13519  -0.2676  0.31136  2.1215  0.49779  -0.40252
0.13508  -0.26755  0.31111  2.1226  0.49724  -0.40252
0.13497  -0.2675  0.31087  2.1237  0.49669  -0.40251
0.13485  -0.26745  0.31062  2.1248  0.49615  -0.4025
0.13474  -0.2674  0.31037  2.1259  0.4956  -0.4025
0.13462  -0.26735  0.31012  2.1269  0.49505  -0.40249
0.13451  -0.2673  0.30988  2.128  0.4945  -0.40248
0.13439  -0.26726  0.30963  2.1291  0.49395  -0.40247
0.13428  -0.26721  0.30938  2.1302  0.49341  -0.40246
0.13417  -0.26716  0.30914  2.1313  0.49286  -0.40245
0.13405  -0.26712  0.30889  2.1324  0.49232  -0.40243
0.13394  -0.26707  0.30865  2.1334  0.49177  -0.40241
0.13382  -0.26703  0.30841  2.1345  0.49123  -0.40239
0.13371  -0.26698  0.30817  2.1356  0.49069  -0.40237
0.1336  -0.26694  0.30793  2.1366  0.49015  -0.40234
0.13349  -0.2669  0.30769  2.1376  0.48961  -0.40231
0.13337  -0.26686  0.30746  2.1387  0.48907  -0.40228
0.13326  -0.26682  0.30722  2.1397  0.48852  -0.40225
0.13315  -0.26678  0.30698  2.1408  0.48798  -0.40222
0.13303  -0.26674  0.30674  2.1418  0.48744  -0.40219
0.13292  -0.2667  0.30651  2.1428  0.4869  -0.40216
0.13281  -0.26666  0.30627  2.1439  0.48636  -0.40213
0.13269  -0.26663  0.30604  2.1449  0.48582  -0.40209
0.13258  -0.26659  0.30581  2.1459  0.48528  -0.40205
0.13247  -0.26656  0.30557  2.1469  0.48475  -0.40201
0.13236  -0.26652  0.30534  2.1479  0.48421  -0.40197
0.13225  -0.26649  0.30511  2.1489  0.48368  -0.40192
0.13213  -0.26646  0.30489  2.1499  0.48315  -0.40187
0.13202  -0.26643  0.30466  2.1509  0.48262  -0.40182
0.13191  -0.26639  0.30443  2.1519  0.48209  -0.40177
0.1318  -0.26636  0.30421  2.1529  0.48156  -0.40172
0.13169  -0.26633  0.30398  2.1539  0.48102  -0.40168
0.13158  -0.2663  0.30375  2.1549  0.48049  -0.40163
0.13146  -0.26628  0.30353  2.1558  0.47996  -0.40157
0.13135  -0.26625  0.3033  2.1568  0.47943  -0.40151
0.13124  -0.26623  0.30308  2.1578  0.4789  -0.40145
0.13113  -0.2662  0.30286  2.1587  0.47837  -0.40139
0.13102  -0.26618  0.30264  2.1597  0.47785  -0.40133
0.13091  -0.26615  0.30242  2.1607  0.47732  -0.40127
0.1308  -0.26613  0.3022  2.1616  0.4768  -0.40121
0.13069  -0.26611  0.30199  2.1625  0.47628  -0.40114
0.13058  -0.26609  0.30177  2.1635  0.47576  -0.40107
0.13047  -0.26607  0.30155  2.1644  0.47524  -0.401
0.13036  -0.26605  0.30134  2.1653  0.47472  -0.40093
0.13025  -0.26603  0.30112  2.1663  0.47419  -0.40087
0.13014  -0.26601  0.3009  2.1672  0.47367  -0.4008
0.13003  -0.26599  0.30069  2.1681  0.47316  -0.40072
0.12992  -0.26598  0.30048  2.1691  0.47264  -0.40065
0.12981  -0.26596  0.30027  2.17  0.47213  -0.40057
0.1297  -0.26595  0.30006  2.1709  0.47161  -0.4005
0.12959  -0.26593  0.29985  2.1718  0.4711  -0.40042
0.12948  -0.26592  0.29964  2.1727  0.47059  -0.40035
0.12938  -0.26591  0.29943  2.1736  0.47009  -0.40026
0.12927  -0.2659  0.29923  2.1745  0.46958  -0.40018
0.12916  -0.26589  0.29902  2.1753  0.46908  -0.4001
0.12905  -0.26588  0.29881  2.1762  0.46857  -0.40002
0.12894  -0.26586  0.29861  2.1771  0.46806  -0.39994
0.12884  -0.26586  0.2984  2.178  0.46755  -0.39986
0.12873  -0.26585  0.2982  2.1789  0.46705  -0.39977
0.12862  -0.26585  0.29799  2.1798  0.46655  -0.39968
0.12851  -0.26584  0.29779  2.1806  0.46605  -0.39959
0.12841  -0.26584  0.29759  2.1815  0.46555  -0.39951
0.1283  -0.26583  0.29739  2.1823  0.46505  -0.39942
0.12819  -0.26583  0.29719  2.1832  0.46455  -0.39933
0.12809  -0.26582  0.297  2.184  0.46406  -0.39923
0.12798  -0.26582  0.2968  2.1849  0.46357  -0.39914
0.12788  -0.26582  0.2966  2.1857  0.46308  -0.39904
0.12777  -0.26582  0.29641  2.1865  0.46259  -0.39895
0.12766  -0.26582  0.29621  2.1874  0.46209  -0.39885
0.12756  -0.26582  0.29601  2.1882  0.4616  -0.39876
0.12745  -0.26583  0.29582  2.1891  0.46111  -0.39866
0.12734  -0.26583  0.29563  2.1899  0.46063  -0.39857
0.12724  -0.26584  0.29543  2.1907  0.46014  -0.39847
0.12713  -0.26584  0.29524  2.1915  0.45966  -0.39837
0.12703  -0.26585  0.29505  2.1923  0.45917  -0.39827
0.12693  -0.26586  0.29486  2.1931  0.4587  -0.39817
0.12682  -0.26586  0.29467  2.1939  0.45822  -0.39807
0.12672  -0.26587  0.29449  2.1947  0.45775  -0.39797
0.12662  -0.26588  0.2943  2.1955  0.45727  -0.39787
0.12651  -0.26589  0.29412  2.1963  0.4568  -0.39776
0.12641  -0.2659  0.29393  2.1971  0.45632  -0.39766
0.1263  -0.26592  0.29374  2.1979  0.45585  -0.39756
0.1262  -0.26593  0.29355  2.1987  0.45537  -0.39746
0.1261  -0.26594  0.29337  2.1994  0.45491  -0.39735
0.12599  -0.26596  0.29319  2.2002  0.45444  -0.39725
0.12589  -0.26598  0.29301  2.201  0.45398  -0.39715
0.12579  -0.26599  0.29282  2.2017  0.45351  -0.39704
0.12569  -0.26601  0.29264  2.2025  0.45305  -0.39694
0.12559  -0.26602  0.29246  2.2033  0.45259  -0.39683
0.12549  -0.26604  0.29229  2.204  0.45214  -0.39672
0.12538  -0.26606  0.29211  2.2047  0.45168  -0.39662
0.12528  -0.26608  0.29193  2.2055  0.45123  -0.39651
0.12518  -0.2661  0.29175  2.2062  0.45077  -0.3964
0.12508  -0.26612  0.29157  2.207  0.45031  -0.3963
0.12498  -0.26615  0.2914  2.2077  0.44986  -0.39619
0.12488  -0.26617  0.29122  2.2085  0.44941  -0.39608
0.12478  -0.2662  0.29105  2.2092  0.44897  -0.39597
0.12468  -0.26622  0.29088  2.2099  0.44852  -0.39586
0.12458  -0.26625  0.2907  2.2106  0.44808  -0.39576
0.12448  -0.26627  0.29053  2.2114  0.44764  -0.39565
0.12438  -0.2663  0.29036  2.2121  0.4472  -0.39554
0.12428  -0.26633  0.29019  2.2128  0.44676  -0.39543
0.12418  -0.26636  0.29002  2.2135  0.44633  -0.39532
0.12409  -0.26639  0.28985  2.2142  0.4459  -0.39521
0.12399  -0.26642  0.28969  2.2149  0.44546  -0.3951
0.12389  -0.26645  0.28952  2.2156  0.44503  -0.39499
0.12379  -0.26648  0.28935  2.2163  0.44459  -0.39488
0.12369  -0.26651  0.28918  2.217  0.44416  -0.39476
0.12359  -0.26655  0.28901  2.2177  0.44374  -0.39465
0.1235  -0.26659  0.28885  2.2183  0.44331  -0.39454
0.1234  -0.26662  0.28868  2.219  0.44289  -0.39443
0.1233  -0.26666  0.28852  2.2197  0.44247  -0.39432
0.12321  -0.26669  0.28836  2.2204  0.44205  -0.39421
0.12311  -0.26673  0.2882  2.221  0.44163  -0.39409
0.12302  -0.26677  0.28804  2.2217  0.44122  -0.39398
0.12292  -0.26681  0.28788  2.2223  0.44081  -0.39387
0.12283  -0.26685  0.28772  2.223  0.4404  -0.39375
0.12273  -0.26689  0.28756  2.2237  0.43999  -0.39364
0.12263  -0.26693  0.2874  2.2243  0.43957  -0.39353
0.12254  -0.26698  0.28724  2.225  0.43916  -0.39341
0.12244  -0.26702  0.28708  2.2256  0.43876  -0.3933
0.12235  -0.26707  0.28692  2.2263  0.43836  -0.39318
0.12226  -0.26711  0.28677  2.2269  0.43795  -0.39307
0.12216  -0.26716  0.28661  2.2275  0.43755  -0.39296
0.12207  -0.26721  0.28646  2.2282  0.43715  -0.39284
0.12198  -0.26725  0.2863  2.2288  0.43676  -0.39273
0.12188  -0.2673  0.28615  2.2294  0.43637  -0.39261
0.12179  -0.26735  0.286  2.23  0.43598  -0.3925
0.1217  -0.2674  0.28585  2.2306  0.43559  -0.39238
0.12161  -0.26745  0.28569  2.2312  0.43519  -0.39227
0.12151  -0.2675  0.28554  2.2319  0.4348  -0.39215
0.12142  -0.26755  0.28539  2.2325  0.43441  -0.39204
0.12133  -0.26761  0.28524  2.2331  0.43403  -0.39192
0.12124  -0.26766  0.28509  2.2337  0.43365  -0.39181
0.12115  -0.26772  0.28494  2.2343  0.43327  -0.39169
0.12105  -0.26777  0.28479  2.2349  0.43289  -0.39158
0.12096  -0.26783  0.28464  2.2355  0.43251  -0.39147
0.12087  -0.26788  0.2845  2.2361  0.43214  -0.39135
0.12079  -0.26794  0.28436  2.2366  0.43177  -0.39124
0.1207  -0.268  0.28421  2.2372  0.43141  -0.39112
0.12061  -0.26806  0.28407  2.2378  0.43104  -0.39101
0.12052  -0.26811  0.28392  2.2384  0.43068  -0.39089
0.12043  -0.26817  0.28378  2.239  0.43031  -0.39078
0.12034  -0.26823  0.28363  2.2395  0.42994  -0.39067
0.12025  -0.2683  0.28349  2.2401  0.42958  -0.39055
0.12016  -0.26836  0.28334  2.2407  0.42923  -0.39044
0.12008  -0.26842  0.2832  2.2412  0.42887  -0.39033
0.11999  -0.26848  0.28306  2.2418  0.42852  -0.39021
0.1199  -0.26855  0.28292  2.2424  0.42817  -0.3901
0.11982  -0.26861  0.28278  2.2429  0.42782  -0.38999
0.11973  -0.26867  0.28264  2.2434  0.42748  -0.38988
0.11965  -0.26874  0.28251  2.244  0.42714  -0.38976
0.11956  -0.26881  0.28237  2.2445  0.4268  -0.38965
0.11948  -0.26887  0.28223  2.2451  0.42646  -0.38954
0.11939  -0.26894  0.28209  2.2456  0.42612  -0.38943
0.1193  -0.26901  0.28195  2.2462  0.42578  -0.38932
0.11922  -0.26908  0.28182  2.2467  0.42544  -0.3892
0.11913  -0.26915  0.28168  2.2472  0.42511  -0.38909
0.11905  -0.26922  0.28154  2.2478  0.42478  -0.38898
0.11897  -0.26929  0.28141  2.2483  0.42446  -0.38887
0.11888  -0.26935  0.28127  2.2488  0.42413  -0.38876
0.1188  -0.26942  0.28114  2.2493  0.42381  -0.38865
0.11872  -0.2695  0.28101  2.2499  0.42349  -0.38855
0.11864  -0.26957  0.28088  2.2504  0.42318  -0.38844
0.11856  -0.26964  0.28074  2.2509  0.42286  -0.38833
0.11848  -0.26971  0.28061  2.2514  0.42255  -0.38822
0.1184  -0.26979  0.28048  2.2519  0.42223  -0.38811
0.11831  -0.26986  0.28035  2.2524  0.42192  -0.388
0.11823  -0.26993  0.28021  2.2529  0.4216  -0.38789
0.11815  -0.27001  0.28008  2.2534  0.4213  -0.38778
0.11807  -0.27009  0.27995  2.2539  0.421  -0.38768
0.11799  -0.27016  0.27982  2.2544  0.4207  -0.38757
0.11791  -0.27024  0.27969  2.2549  0.4204  -0.38746
0.11784  -0.27032  0.27956  2.2554  0.4201  -0.38736
0.11776  -0.27039  0.27944  2.2559  0.41981  -0.38725
0.11768  -0.27047  0.27931  2.2564  0.41952  -0.38715
0.1176  -0.27055  0.27918  2.2569  0.41924  -0.38704
0.11753  -0.27063  0.27906  2.2574  0.41895  -0.38694
0.11745  -0.27071  0.27893  2.2578  0.41866  -0.38683
0.11737  -0.27079  0.2788  2.2583  0.41837  -0.38673
0.1173  -0.27087  0.27867  2.2588  0.41809  -0.38662
0.11722  -0.27095  0.27855  2.2593  0.41781  -0.38652
0.11714  -0.27103  0.27842  2.2598  0.41753  -0.38641
0.11707  -0.27111  0.2783  2.2602  0.41725  -0.38631
0.11699  -0.27119  0.27817  2.2607  0.41698  -0.3862
0.11692  -0.27127  0.27805  2.2612  0.4167  -0.3861
0.11684  -0.27136  0.27792  2.2616  0.41643  -0.386
0.11677  -0.27144  0.2778  2.2621  0.41617  -0.3859
0.1167  -0.27152  0.27768  2.2626  0.41591  -0.38579
0.11662  -0.27161  0.27756  2.263  0.41565  -0.38569
0.11655  -0.27169  0.27743  2.2635  0.41539  -0.38559
0.11648  -0.27178  0.27731  2.2639  0.41512  -0.38549
0.1164  -0.27186  0.27719  2.2644  0.41486  -0.38539
0.11633  -0.27195  0.27706  2.2648  0.4146  -0.38529
0.11626  -0.27204  0.27694  2.2653  0.41435  -0.38518
0.11619  -0.27213  0.27682  2.2657  0.4141  -0.38509
0.11612  -0.27221  0.2767  2.2662  0.41385  -0.38499
0.11604  -0.2723  0.27658  2.2666  0.4136  -0.38489
0.11597  -0.27239  0.27646  2.2671  0.41335  -0.38479
0.1159  -0.27248  0.27634  2.2675  0.41311  -0.38469
0.11583  -0.27257  0.27623  2.2679  0.41288  -0.38459
0.11576  -0.27266  0.27611  2.2684  0.41264  -0.38449
0.1157  -0.27275  0.27599  2.2688  0.4124  -0.3844
0.11563  -0.27284  0.27587  2.2692  0.41216  -0.3843
0.11556  -0.27293  0.27575  2.2697  0.41192  -0.3842
0.11549  -0.27302  0.27563  2.2701  0.41169  -0.3841
0.11542  -0.27311  0.27551  2.2705  0.41146  -0.38401
0.11535  -0.27321  0.2754  2.271  0.41123  -0.38391
0.11528  -0.2733  0.27528  2.2714  0.41101  -0.38381
0.11521  -0.27339  0.27516  2.2718  0.41078  -0.38372
0.11515  -0.27348  0.27505  2.2722  0.41056  -0.38362
0.11508  -0.27358  0.27493  2.2726  0.41034  -0.38353
0.11502  -0.27367  0.27482  2.273  0.41013  -0.38344
0.11495  -0.27377  0.2747  2.2735  0.40991  -0.38334
0.11488  -0.27386  0.27459  2.2739  0.4097  -0.38325
0.11482  -0.27396  0.27447  2.2743  0.40949  -0.38316
0.11475  -0.27405  0.27436  2.2747  0.40927  -0.38306
0.11469  -0.27415  0.27424  2.2751  0.40906  -0.38297
0.11462  -0.27425  0.27412  2.2755  0.40885  -0.38288
0.11456  -0.27434  0.27401  2.2759  0.40865  -0.38278
0.11449  -0.27444  0.2739  2.2763  0.40845  -0.38269
0.11443  -0.27454  0.27378  2.2767  0.40824  -0.3826
0.11437  -0.27464  0.27367  2.2771  0.40804  -0.38251
0.1143  -0.27473  0.27356  2.2775  0.40785  -0.38242
0.11424  -0.27483  0.27345  2.2779  0.40766  -0.38233
0.11418  -0.27493  0.27334  2.2783  0.40747  -0.38225
0.11412  -0.27503  0.27322  2.2787  0.40728  -0.38216
0.11406  -0.27513  0.27311  2.2791  0.40709  -0.38207
0.11399  -0.27523  0.273  2.2795  0.40689  -0.38198
0.11393  -0.27533  0.27289  2.2799  0.4067  -0.38189
0.11387  -0.27543  0.27278  2.2803  0.40652  -0.3818
0.11381  -0.27553  0.27266  2.2806  0.40634  -0.38171
0.11375  -0.27564  0.27255  2.281  0.40616  -0.38163
0.11369  -0.27574  0.27244  2.2814  0.40598  -0.38154
0.11363  -0.27584  0.27233  2.2818  0.4058  -0.38145
0.11357  -0.27594  0.27222  2.2822  0.40562  -0.38137
0.11351  -0.27604  0.27211  2.2825  0.40545  -0.38128
0.11345  -0.27615  0.27201  2.2829  0.40528  -0.3812
0.11339  -0.27625  0.2719  2.2833  0.40511  -0.38111
0.11333  -0.27636  0.27179  2.2836  0.40494  -0.38103
0.11327  -0.27646  0.27168  2.284  0.40477  -0.38094
0.11322  -0.27656  0.27157  2.2844  0.4046  -0.38086
0.11316  -0.27667  0.27146  2.2848  0.40444  -0.38077
0.1131  -0.27677  0.27135  2.2851  0.40428  -0.38069
0.11304  -0.27688  0.27124  2.2855  0.40412  -0.38061
0.11299  -0.27699  0.27113  2.2859  0.40396  -0.38053
0.11293  -0.27709  0.27102  2.2862  0.4038  -0.38044
0.11287  -0.2772  0.27091  2.2866  0.40364  -0.38036
0.11282  -0.2773  0.27081  2.287  0.40349  -0.38028
0.11276  -0.27741  0.2707  2.2873  0.40334  -0.3802
0.11271  -0.27752  0.27059  2.2877  0.4032  -0.38012
0.11265  -0.27762  0.27048  2.288  0.40305  -0.38004
0.1126  -0.27773  0.27038  2.2884  0.4029  -0.37996
0.11254  -0.27784  0.27027  2.2888  0.40275  -0.37988
0.11248  -0.27795  0.27016  2.2891  0.4026  -0.3798
0.11243  -0.27805  0.27005  2.2895  0.40246  -0.37972
0.11238  -0.27816  0.26994  2.2898  0.40232  -0.37964
0.11232  -0.27827  0.26984  2.2902  0.40218  -0.37956
0.11227  -0.27838  0.26973  2.2906  0.40204  -0.37948
0.11221  -0.27849  0.26962  2.2909  0.4019  -0.37941
0.11216  -0.2786  0.26952  2.2912  0.40177  -0.37933
0.11211  -0.27871  0.26941  2.2916  0.40164  -0.37925
0.11206  -0.27882  0.26931  2.2919  0.40151  -0.37918
0.11201  -0.27893  0.2692  2.2923  0.40138  -0.3791
0.11195  -0.27904  0.26909  2.2926  0.40125  -0.37902
0.1119  -0.27915  0.26899  2.293  0.40112  -0.37895
0.11185  -0.27926  0.26888  2.2933  0.40099  -0.37887
0.1118  -0.27937  0.26877  2.2937  0.40086  -0.37879
0.11174  -0.27948  0.26866  2.294  0.40074  -0.37872
0.11169  -0.27959  0.26856  2.2944  0.40062  -0.37865
0.11164  -0.2797  0.26845  2.2947  0.4005  -0.37857
0.11159  -0.27982  0.26834  2.2951  0.40038  -0.3785
0.11154  -0.27993  0.26824  2.2954  0.40026  -0.37842
0.11149  -0.28004  0.26814  2.2957  0.40015  -0.37835
0.11144  -0.28015  0.26803  2.2961  0.40004  -0.37828
0.11139  -0.28027  0.26792  2.2964  0.39993  -0.37821
0.11134  -0.28038  0.26782  2.2967  0.39981  -0.37813
0.11129  -0.28049  0.26771  2.2971  0.3997  -0.37806
0.11125  -0.2806  0.2676  2.2974  0.39959  -0.37799
0.1112  -0.28072  0.2675  2.2978  0.39948  -0.37792
0.11115  -0.28083  0.26739  2.2981  0.39937  -0.37784
0.1111  -0.28094  0.26729  2.2984  0.39927  -0.37777
0.11105  -0.28106  0.26718  2.2988  0.39916  -0.3777
0.111  -0.28117  0.26707  2.2991  0.39906  -0.37763
0.11096  -0.28129  0.26697  2.2994  0.39896  -0.37756
0.11091  -0.2814  0.26687  2.2998  0.39886  -0.37749
0.11086  -0.28151  0.26676  2.3001  0.39876  -0.37743
0.11081  -0.28163  0.26666  2.3004  0.39867  -0.37736
0.11077  -0.28174  0.26655  2.3007  0.39857  -0.37729
0.11072  -0.28186  0.26645  2.3011  0.39847  -0.37722
0.11067  -0.28198  0.26634  2.3014  0.39838  -0.37715
0.11063  -0.28209  0.26623  2.3017  0.39828  -0.37708
0.11058  -0.28221  0.26613  2.3021  0.39819  -0.37701
0.11053  -0.28232  0.26602  2.3024  0.3981  -0.37694
0.11049  -0.28244  0.26591  2.3027  0.39801  -0.37688
0.11044  -0.28256  0.26581  2.3031  0.39792  -0.37681
0.1104  -0.28267  0.2657  2.3034  0.39783  -0.37674
0.11035  -0.28279  0.2656  2.3037  0.39775  -0.37668
0.11031  -0.2829  0.2655  2.304  0.39766  -0.37661
0.11026  -0.28302  0.26539  2.3043  0.39758  -0.37655
0.11022  -0.28314  0.26528  2.3047  0.3975  -0.37648
0.11017  -0.28326  0.26518  2.305  0.39742  -0.37641
0.11013  -0.28337  0.26507  2.3053  0.39734  -0.37635
0.11009  -0.28349  0.26497  2.3056  0.39726  -0.37628
0.11004  -0.28361  0.26486  2.306  0.39718  -0.37622
0.11  -0.28373  0.26475  2.3063  0.3971  -0.37615
0.10995  -0.28384  0.26465  2.3066  0.39703  -0.37609
0.10991  -0.28396  0.26454  2.3069  0.39695  -0.37603
0.10987  -0.28408  0.26443  2.3073  0.39688  -0.37596
0.10982  -0.2842  0.26433  2.3076  0.39681  -0.3759
0.10978  -0.28431  0.26423  2.3079  0.39674  -0.37584
0.10974  -0.28443  0.26412  2.3082  0.39667  -0.37578
0.1097  -0.28455  0.26401  2.3085  0.3966  -0.37572
0.10966  -0.28467  0.26391  2.3088  0.39653  -0.37565
0.10961  -0.28479  0.2638  2.3092  0.39647  -0.37559
0.10957  -0.28491  0.26369  2.3095  0.3964  -0.37553
0.10953  -0.28503  0.26359  2.3098  0.39633  -0.37547
0.10949  -0.28515  0.26348  2.3101  0.39627  -0.37541
0.10945  -0.28527  0.26337  2.3105  0.39621  -0.37535
0.1094  -0.28538  0.26327  2.3108  0.39614  -0.37528
0.10936  -0.2855  0.26316  2.3111  0.39608  -0.37522
0.10932  -0.28562  0.26306  2.3114  0.39602  -0.37516
0.10928  -0.28574  0.26295  2.3117  0.39596  -0.37511
0.10924  -0.28586  0.26284  2.312  0.39591  -0.37505
0.1092  -0.28598  0.26274  2.3123  0.39585  -0.37499
0.10916  -0.2861  0.26263  2.3127  0.3958  -0.37493
0.10912  -0.28622  0.26252  2.313  0.39574  -0.37487
0.10908  -0.28634  0.26242  2.3133  0.39568  -0.37481
0.10904  -0.28646  0.26231  2.3136  0.39563  -0.37475
0.109  -0.28658  0.2622  2.3139  0.39557  -0.37469
0.10896  -0.2867  0.26209  2.3142  0.39552  -0.37464
0.10892  -0.28682  0.26199  2.3146  0.39547  -0.37458
0.10888  -0.28694  0.26188  2.3149  0.39542  -0.37452
0.10884  -0.28706  0.26177  2.3152  0.39537  -0.37446
0.1088  -0.28718  0.26167  2.3155  0.39532  -0.37441
0.10876  -0.2873  0.26156  2.3158  0.39527  -0.37435
0.10872  -0.28743  0.26145  2.3161  0.39523  -0.3743
0.10869  -0.28755  0.26135  2.3164  0.39518  -0.37424
0.10865  -0.28767  0.26124  2.3167  0.39514  -0.37418
0.10861  -0.28779  0.26113  2.3171  0.39509  -0.37413
0.10857  -0.28791  0.26102  2.3174  0.39504  -0.37407
0.10853  -0.28803  0.26091  2.3177  0.395  -0.37401
0.10849  -0.28815  0.2608  2.318  0.39496  -0.37396
0.10845  -0.28827  0.2607  2.3183  0.39492  -0.3739
0.10842  -0.28839  0.26059  2.3186  0.39488  -0.37385
0.10838  -0.28851  0.26048  2.3189  0.39484  -0.37379
0.10834  -0.28864  0.26037  2.3192  0.3948  -0.37374
0.1083  -0.28876  0.26027  2.3196  0.39476  -0.37368
0.10827  -0.28888  0.26016  2.3199  0.39472  -0.37363
0.10823  -0.289  0.26005  2.3202  0.39469  -0.37358
0.10819  -0.28912  0.25994  2.3205  0.39465  -0.37352
0.10816  -0.28924  0.25983  2.3208  0.39462  -0.37347
0.10812  -0.28936  0.25972  2.3211  0.39458  -0.37341
0.10808  -0.28948  0.25961  2.3214  0.39454  -0.37336
0.10805  -0.28961  0.2595  2.3217  0.39451  -0.37331
0.10801  -0.28973  0.25939  2.3221  0.39448  -0.37325
0.10797  -0.28985  0.25928  2.3224  0.39445  -0.3732
0.10794  -0.28997  0.25917  2.3227  0.39442  -0.37315
0.1079  -0.29009  0.25907  2.323  0.39439  -0.3731
0.10787  -0.29021  0.25896  2.3233  0.39436  -0.37305
0.10783  -0.29033  0.25885  2.3236  0.39433  -0.37299
0.10779  -0.29045  0.25874  2.3239  0.39431  -0.37294
0.10776  -0.29057  0.25863  2.3242  0.39428  -0.37289
0.10772  -0.2907  0.25852  2.3245  0.39425  -0.37284
0.10769  -0.29082  0.25841  2.3249  0.39423  -0.37279
0.10765  -0.29094  0.2583  2.3252  0.3942  -0.37274
0.10762  -0.29106  0.25818  2.3255  0.39418  -0.37268
0.10758  -0.29118  0.25807  2.3258  0.39416  -0.37263
0.10755  -0.2913  0.25796  2.3261  0.39413  -0.37258
0.10751  -0.29142  0.25785  2.3264  0.39411  -0.37253
0.10748  -0.29154  0.25774  2.3267  0.39409  -0.37248
0.10745  -0.29166  0.25763  2.3271  0.39407  -0.37243
0.10741  -0.29178  0.25752  2.3274  0.39405  -0.37238
0.10738  -0.2919  0.25741  2.3277  0.39403  -0.37233
0.10735  -0.29202  0.25729  2.328  0.39402  -0.37228
0.10731  -0.29214  0.25718  2.3283  0.394  -0.37223
0.10728  -0.29225  0.25707  2.3286  0.39398  -0.37218
0.10724  -0.29237  0.25696  2.3289  0.39396  -0.37213
0.10721  -0.29249  0.25684  2.3293  0.39395  -0.37208
0.10718  -0.29261  0.25673  2.3296  0.39393  -0.37203
0.10715  -0.29273  0.25662  2.3299  0.39392  -0.37198
0.10711  -0.29285  0.2565  2.3302  0.3939  -0.37193
0.10708  -0.29297  0.25639  2.3305  0.39389  -0.37189
0.10705  -0.29308  0.25628  2.3309  0.39388  -0.37184
0.10702  -0.2932  0.25617  2.3312  0.39387  -0.37179
0.10698  -0.29331  0.25605  2.3315  0.39386  -0.37174
0.10695  -0.29343  0.25594  2.3318  0.39385  -0.37169
0.10692  -0.29355  0.25582  2.3321  0.39384  -0.37164
0.10689  -0.29366  0.25571  2.3325  0.39383  -0.37159
0.10686  -0.29378  0.25559  2.3328  0.39382  -0.37154
0.10682  -0.2939  0.25548  2.3331  0.39381  -0.37149
0.10679  -0.29401  0.25536  2.3334  0.3938  -0.37145
0.10676  -0.29413  0.25524  2.3338  0.3938  -0.3714
0.10673  -0.29424  0.25513  2.3341  0.39379  -0.37135
0.1067  -0.29436  0.25501  2.3344  0.39379  -0.3713
0.10667  -0.29447  0.2549  2.3347  0.39378  -0.37125
0.10664  -0.29458  0.25478  2.335  0.39378  -0.3712
0.10661  -0.29469  0.25466  2.3354  0.39378  -0.37116
0.10658  -0.29481  0.25455  2.3357  0.39377  -0.37111
0.10655  -0.29492  0.25443  2.336  0.39377  -0.37106
0.10652  -0.29503  0.25431  2.3364  0.39377  -0.37101
0.10649  -0.29514  0.25419  2.3367  0.39377  -0.37096
0.10646  -0.29526  0.25408  2.337  0.39377  -0.37091
0.10643  -0.29537  0.25396  2.3374  0.39377  -0.37086
0.1064  -0.29548  0.25384  2.3377  0.39377  -0.37081
0.10637  -0.29559  0.25372  2.338  0.39377  -0.37077
0.10634  -0.2957  0.2536  2.3384  0.39377  -0.37072
0.10632  -0.29581  0.25348  2.3387  0.39377  -0.37067
0.10629  -0.29591  0.25336  2.339  0.39378  -0.37062
0.10626  -0.29602  0.25324  2.3394  0.39378  -0.37057
0.10623  -0.29613  0.25312  2.3397  0.39379  -0.37053
0.1062  -0.29623  0.253  2.34  0.39379  -0.37048
0.10618  -0.29634  0.25288  2.3404  0.3938  -0.37043
0.10615  -0.29645  0.25276  2.3407  0.3938  -0.37038
0.10612  -0.29656  0.25264  2.3411  0.39381  -0.37033
0.10609  -0.29666  0.25251  2.3414  0.39381  -0.37028
0.10607  -0.29677  0.25239  2.3417  0.39382  -0.37023
0.10604  -0.29687  0.25227  2.3421  0.39383  -0.37018
0.10601  -0.29698  0.25215  2.3424  0.39384  -0.37014
0.10598  -0.29708  0.25202  2.3428  0.39385  -0.37009
0.10596  -0.29718  0.2519  2.3431  0.39386  -0.37004
0.10593  -0.29728  0.25178  2.3435  0.39387  -0.36999
0.10591  -0.29739  0.25166  2.3438  0.39388  -0.36994
0.10588  -0.29749  0.25153  2.3442  0.39389  -0.36989
0.10585  -0.29759  0.25141  2.3445  0.3939  -0.36984
0.10583  -0.29769  0.25128  2.3449  0.39391  -0.36979
0.1058  -0.29779  0.25116  2.3452  0.39393  -0.36975
0.10578  -0.29789  0.25103  2.3456  0.39394  -0.3697
0.10575  -0.29799  0.25091  2.3459  0.39395  -0.36965
0.10573  -0.29809  0.25078  2.3463  0.39397  -0.3696
0.1057  -0.29819  0.25065  2.3466  0.39398  -0.36955
0.10568  -0.29829  0.25053  2.347  0.394  -0.3695
0.10565  -0.29838  0.2504  2.3473  0.39401  -0.36945
0.10563  -0.29848  0.25028  2.3477  0.39403  -0.3694
0.1056  -0.29858  0.25015  2.3481  0.39405  -0.36935
0.10558  -0.29867  0.25002  2.3484  0.39406  -0.3693
0.10555  -0.29877  0.2499  2.3488  0.39408  -0.36925
0.10553  -0.29886  0.24977  2.3491  0.3941  -0.3692
0.10551  -0.29896  0.24964  2.3495  0.39411  -0.36915
0.10548  -0.29905  0.24951  2.3499  0.39413  -0.3691
0.10546  -0.29914  0.24938  2.3502  0.39415  -0.36904
0.10543  -0.29924  0.24925  2.3506  0.39417  -0.36899
0.10541  -0.29933  0.24912  2.351  0.39419  -0.36894
0.10539  -0.29942  0.24899  2.3513  0.39421  -0.36889
0.10537  -0.29951  0.24886  2.3517  0.39423  -0.36884
0.10534  -0.2996  0.24873  2.3521  0.39426  -0.36879
0.10532  -0.29969  0.2486  2.3525  0.39428  -0.36874
0.1053  -0.29978  0.24847  2.3528  0.3943  -0.36869
0.10528  -0.29986  0.24834  2.3532  0.39432  -0.36863
0.10525  -0.29995  0.24821  2.3536  0.39435  -0.36858
0.10523  -0.30004  0.24808  2.3539  0.39437  -0.36853
0.10521  -0.30013  0.24795  2.3543  0.39439  -0.36848
0.10519  -0.30022  0.24781  2.3547  0.39442  -0.36842
0.10517  -0.3003  0.24768  2.3551  0.39444  -0.36837
0.10515  -0.30038  0.24755  2.3555  0.39447  -0.36832
0.10513  -0.30047  0.24741  2.3559  0.3945  -0.36827
0.1051  -0.30055  0.24728  2.3562  0.39452  -0.36821
0.10508  -0.30064  0.24715  2.3566  0.39455  -0.36816
0.10506  -0.30072  0.24701  2.357  0.39457  -0.36811
0.10504  -0.3008  0.24688  2.3574  0.3946  -0.36805
0.10502  -0.30088  0.24674  2.3578  0.39463  -0.368
0.105  -0.30096  0.24661  2.3582  0.39466  -0.36794
0.10498  -0.30104  0.24647  2.3586  0.39469  -0.36789
0.10496  -0.30112  0.24634  2.3589  0.39471  -0.36783
0.10494  -0.3012  0.2462  2.3593  0.39474  -0.36778
0.10492  -0.30128  0.24606  2.3597  0.39477  -0.36772
0.1049  -0.30135  0.24593  2.3601  0.3948  -0.36767
0.10488  -0.30143  0.24579  2.3605  0.39484  -0.36761
0.10487  -0.30151  0.24565  2.3609  0.39487  -0.36756
0.10485  -0.30158  0.24552  2.3613  0.3949  -0.3675
0.10483  -0.30165  0.24538  2.3617  0.39493  -0.36745
0.10481  -0.30173  0.24524  2.3621  0.39496  -0.36739
0.10479  -0.3018  0.24511  2.3625  0.39499  -0.36733
0.10477  -0.30187  0.24497  2.3629  0.39503  -0.36728
0.10476  -0.30195  0.24483  2.3633  0.39506  -0.36722
0.10474  -0.30202  0.24469  2.3637  0.39509  -0.36716
0.10472  -0.30209  0.24455  2.3641  0.39513  -0.3671
0.1047  -0.30216  0.24441  2.3645  0.39516  -0.36705
0.10469  -0.30223  0.24427  2.3649  0.3952  -0.36699
0.10467  -0.3023  0.24413  2.3653  0.39523  -0.36693
0.10465  -0.30236  0.24399  2.3658  0.39527  -0.36687
0.10463  -0.30243  0.24385  2.3662  0.3953  -0.36681
0.10462  -0.3025  0.24371  2.3666  0.39534  -0.36676
0.1046  -0.30256  0.24356  2.367  0.39538  -0.3667
0.10459  -0.30263  0.24342  2.3674  0.39541  -0.36664
0.10457  -0.30269  0.24328  2.3678  0.39545  -0.36658
0.10455  -0.30276  0.24314  2.3682  0.39549  -0.36652
0.10454  -0.30282  0.243  2.3686  0.39553  -0.36646
0.10452  -0.30288  0.24285  2.3691  0.39557  -0.36641
0.10451  -0.30295  0.24271  2.3695  0.39561  -0.36635
0.10449  -0.30301  0.24257  2.3699  0.39565  -0.36629
0.10448  -0.30307  0.24242  2.3703  0.39569  -0.36623
0.10446  -0.30313  0.24228  2.3707  0.39573  -0.36617
0.10445  -0.30319  0.24214  2.3712  0.39577  -0.36611
0.10443  -0.30324  0.24199  2.3716  0.39581  -0.36605
0.10442  -0.3033  0.24185  2.372  0.39585  -0.36599
0.1044  -0.30336  0.2417  2.3724  0.39589  -0.36593
0.10439  -0.30341  0.24156  2.3729  0.39593  -0.36587
0.10438  -0.30347  0.24141  2.3733  0.39598  -0.36581
0.10436  -0.30352  0.24127  2.3737  0.39602  -0.36575
0.10435  -0.30358  0.24112  2.3742  0.39606  -0.36569
0.10433  -0.30363  0.24097  2.3746  0.39611  -0.36563
0.10432  -0.30369  0.24083  2.375  0.39615  -0.36557
0.10431  -0.30374  0.24068  2.3755  0.3962  -0.36551
0.1043  -0.30379  0.24053  2.3759  0.39624  -0.36545
0.10428  -0.30384  0.24038  2.3763  0.39629  -0.36538
0.10427  -0.30389  0.24024  2.3768  0.39633  -0.36532
0.10426  -0.30394  0.24009  2.3772  0.39638  -0.36526
0.10425  -0.30399  0.23994  2.3777  0.39642  -0.3652
0.10423  -0.30404  0.2398  2.3781  0.39647  -0.36514
0.10422  -0.30409  0.23965  2.3785  0.39652  -0.36508
0.10421  -0.30414  0.2395  2.379  0.39656  -0.36502
0.1042  -0.30418  0.23935  2.3794  0.39661  -0.36495
0.10418  -0.30423  0.2392  2.3799  0.39666  -0.36489
0.10417  -0.30428  0.23905  2.3803  0.39671  -0.36483
0.10416  -0.30432  0.2389  2.3808  0.39676  -0.36477
0.10415  -0.30437  0.23875  2.3812  0.3968  -0.36471
0.10414  -0.30441  0.2386  2.3816  0.39685  -0.36464
0.10413  -0.30446  0.23846  2.3821  0.3969  -0.36458
0.10412  -0.3045  0.23831  2.3825  0.39695  -0.36452
0.10411  -0.30454  0.23816  2.383  0.397  -0.36446
0.1041  -0.30458  0.23801  2.3834  0.39705  -0.3644
0.10409  -0.30462  0.23786  2.3839  0.3971  -0.36433
0.10408  -0.30466  0.23771  2.3843  0.39715  -0.36427
0.10406  -0.3047  0.23756  2.3848  0.3972  -0.36421
0.10405  -0.30475  0.23741  2.3852  0.39725  -0.36414
0.10404  -0.30478  0.23725  2.3857  0.3973  -0.36408
0.10404  -0.30482  0.2371  2.3862  0.39735  -0.36402
0.10403  -0.30486  0.23695  2.3866  0.39741  -0.36395
0.10402  -0.3049  0.2368  2.3871  0.39746  -0.36389
0.10401  -0.30494  0.23665  2.3875  0.39751  -0.36383
0.104  -0.30497  0.2365  2.388  0.39756  -0.36376
0.10399  -0.30501  0.23635  2.3884  0.39762  -0.3637
0.10398  -0.30504  0.23619  2.3889  0.39767  -0.36364
0.10397  -0.30508  0.23604  2.3893  0.39772  -0.36357
0.10396  -0.30511  0.23589  2.3898  0.39778  -0.36351
0.10395  -0.30515  0.23574  2.3903  0.39783  -0.36345
0.10394  -0.30518  0.23558  2.3907  0.39788  -0.36338
0.10393  -0.30522  0.23543  2.3912  0.39794  -0.36332
0.10393  -0.30525  0.23528  2.3917  0.39799  -0.36325
0.10392  -0.30528  0.23512  2.3921  0.39805  -0.36319
0.10391  -0.30531  0.23497  2.3926  0.3981  -0.36313
0.1039  -0.30534  0.23482  2.393  0.39816  -0.36306
0.10389  -0.30538  0.23467  2.3935  0.39821  -0.363
0.10389  -0.30541  0.23452  2.394  0.39827  -0.36294
0.10388  -0.30543  0.23436  2.3944  0.39832  -0.36287
0.10387  -0.30546  0.23421  2.3949  0.39838  -0.36281
0.10386  -0.30549  0.23406  2.3953  0.39843  -0.36274
0.10385  -0.30552  0.2339  2.3958  0.39849  -0.36268
0.10385  -0.30555  0.23375  2.3963  0.39855  -0.36262
0.10384  -0.30558  0.23359  2.3967  0.3986  -0.36255
0.10383  -0.30561  0.23344  2.3972  0.39866  -0.36249
0.10383  -0.30563  0.23329  2.3977  0.39872  -0.36242
0.10382  -0.30566  0.23313  2.3981  0.39878  -0.36236
0.10381  -0.30569  0.23298  2.3986  0.39883  -0.36229
0.1038  -0.30571  0.23283  2.3991  0.39889  -0.36223
0.1038  -0.30574  0.23267  2.3995  0.39895  -0.36217
0.10379  -0.30576  0.23252  2.4  0.39901  -0.3621
0.10379  -0.30579  0.23237  2.4005  0.39906  -0.36204
0.10378  -0.30581  0.23221  2.4009  0.39912  -0.36197
0.10377  -0.30584  0.23206  2.4014  0.39918  -0.36191
0.10377  -0.30586  0.2319  2.4019  0.39924  -0.36184
0.10376  -0.30588  0.23175  2.4024  0.3993  -0.36178
0.10375  -0.30591  0.23159  2.4028  0.39936  -0.36172
0.10375  -0.30593  0.23144  2.4033  0.39942  -0.36165
0.10374  -0.30595  0.23128  2.4038  0.39948  -0.36159
0.10374  -0.30597  0.23113  2.4042  0.39954  -0.36152
0.10373  -0.30599  0.23097  2.4047  0.3996  -0.36146
0.10373  -0.30601  0.23082  2.4052  0.39966  -0.36139
0.10372  -0.30603  0.23067  2.4057  0.39971  -0.36133
0.10371  -0.30605  0.23051  2.4061  0.39977  -0.36127
0.10371  -0.30607  0.23036  2.4066  0.39983  -0.3612
0.1037  -0.30609  0.2302  2.4071  0.3999  -0.36114
0.1037  -0.30611  0.23005  2.4075  0.39996  -0.36107
0.10369  -0.30613  0.22989  2.408  0.40002  -0.36101
0.10369  -0.30615  0.22974  2.4085  0.40008  -0.36094
0.10368  -0.30616  0.22958  2.409  0.40014  -0.36088
0.10368  -0.30618  0.22943  2.4094  0.4002  -0.36081
0.10367  -0.3062  0.22927  2.4099  0.40026  -0.36075
0.10367  -0.30622  0.22912  2.4104  0.40032  -0.36069
0.10366  -0.30623  0.22897  2.4109  0.40038  -0.36062
0.10366  -0.30625  0.22881  2.4113  0.40044  -0.36056
0.10366  -0.30626  0.22866  2.4118  0.40051  -0.36049
0.10365  -0.30628  0.2285  2.4123  0.40057  -0.36043
0.10365  -0.30629  0.22835  2.4128  0.40063  -0.36037
0.10364  -0.30631  0.22819  2.4132  0.40069  -0.3603
0.10364  -0.30632  0.22804  2.4137  0.40076  -0.36024
0.10364  -0.30634  0.22788  2.4142  0.40082  -0.36017
0.10363  -0.30635  0.22773  2.4147  0.40088  -0.36011
0.10363  -0.30636  0.22757  2.4151  0.40094  -0.36005
0.10362  -0.30638  0.22742  2.4156  0.40101  -0.35998
0.10362  -0.30639  0.22726  2.4161  0.40107  -0.35992
0.10362  -0.3064  0.22711  2.4166  0.40113  -0.35985
0.10361  -0.30641  0.22696  2.417  0.4012  -0.35979
0.10361  -0.30642  0.2268  2.4175  0.40126  -0.35973
0.10361  -0.30644  0.22665  2.418  0.40132  -0.35966
0.1036  -0.30645  0.22649  2.4185  0.40139  -0.3596
0.1036  -0.30646  0.22634  2.4189  0.40145  -0.35954
0.1036  -0.30647  0.22618  2.4194  0.40151  -0.35947
0.10359  -0.30648  0.22603  2.4199  0.40158  -0.35941
0.10359  -0.30649  0.22587  2.4204  0.40164  -0.35935
0.10359  -0.3065  0.22572  2.4208  0.40171  -0.35928
0.10358  -0.30651  0.22556  2.4213  0.40177  -0.35922
0.10358  -0.30652  0.22541  2.4218  0.40184  -0.35916
0.10358  -0.30653  0.22526  2.4223  0.4019  -0.35909
0.10358  -0.30654  0.2251  2.4227  0.40196  -0.35903
0.10357  -0.30655  0.22495  2.4232  0.40203  -0.35897
0.10357  -0.30656  0.2248  2.4237  0.40209  -0.3589
0.10357  -0.30656  0.22464  2.4241  0.40216  -0.35884
0.10357  -0.30657  0.22449  2.4246  0.40222  -0.35878
0.10356  -0.30658  0.22434  2.4251  0.40229  -0.35872
0.10356  -0.30659  0.22418  2.4256  0.40235  -0.35865
0.10356  -0.3066  0.22403  2.426  0.40242  -0.35859
0.10355  -0.30661  0.22387  2.4265  0.40248  -0.35853
0.10355  -0.30661  0.22372  2.427  0.40255  -0.35846
0.10355  -0.30662  0.22357  2.4274  0.40261  -0.3584
0.10355  -0.30663  0.22341  2.4279  0.40267  -0.35834
0.10355  -0.30663  0.22326  2.4284  0.40274  -0.35828
0.10354  -0.30664  0.22311  2.4288  0.4028  -0.35821
0.10354  -0.30665  0.22296  2.4293  0.40287  -0.35815
0.10354  -0.30665  0.22281  2.4298  0.40293  -0.35809
0.10354  -0.30666  0.22265  2.4303  0.403  -0.35803
0.10353  -0.30667  0.2225  2.4307  0.40306  -0.35796
0.10353  -0.30667  0.22235  2.4312  0.40313  -0.3579
0.10353  -0.30668  0.22219  2.4317  0.40319  -0.35784
0.10353  -0.30669  0.22204  2.4321  0.40326  -0.35778
0.10353  -0.30669  0.22189  2.4326  0.40332  -0.35772
0.10352  -0.3067  0.22174  2.4331  0.40338  -0.35765
0.10352  -0.30671  0.22159  2.4335  0.40345  -0.35759
0.10352  -0.30671  0.22144  2.434  0.40351  -0.35753
0.10352  -0.30672  0.22128  2.4345  0.40358  -0.35747
0.10352  -0.30672  0.22113  2.4349  0.40364  -0.35741
0.10351  -0.30673  0.22098  2.4354  0.4037  -0.35735
0.10351  -0.30673  0.22083  2.4358  0.40377  -0.35728
0.10351  -0.30674  0.22068  2.4363  0.40383  -0.35722
0.10351  -0.30674  0.22053  2.4368  0.4039  -0.35716
0.10351  -0.30675  0.22038  2.4372  0.40396  -0.3571
0.1035  -0.30675  0.22022  2.4377  0.40403  -0.35704
0.1035  -0.30676  0.22007  2.4382  0.40409  -0.35698
0.1035  -0.30677  0.21992  2.4386  0.40416  -0.35691
0.1035  -0.30677  0.21977  2.4391  0.40422  -0.35685
0.1035  -0.30678  0.21962  2.4395  0.40428  -0.35679
0.1035  -0.30678  0.21948  2.44  0.40435  -0.35673
0.10349  -0.30678  0.21933  2.4404  0.40441  -0.35667
0.10349  -0.30679  0.21918  2.4409  0.40448  -0.35661
0.10349  -0.30679  0.21903  2.4414  0.40454  -0.35655
0.10349  -0.3068  0.21888  2.4418  0.4046  -0.35649
0.10349  -0.3068  0.21873  2.4423  0.40467  -0.35643
0.10349  -0.30681  0.21858  2.4427  0.40473  -0.35637
0.10348  -0.30681  0.21843  2.4432  0.4048  -0.35631
0.10348  -0.30682  0.21828  2.4436  0.40486  -0.35625
0.10348  -0.30682  0.21813  2.4441  0.40493  -0.35619
0.10348  -0.30683  0.21798  2.4445  0.40499  -0.35613
0.10348  -0.30683  0.21783  2.445  0.40505  -0.35607
0.10348  -0.30684  0.21769  2.4454  0.40512  -0.35601
0.10348  -0.30684  0.21754  2.4459  0.40518  -0.35595
0.10347  -0.30685  0.21739  2.4463  0.40524  -0.35589
0.10347  -0.30685  0.21725  2.4468  0.40531  -0.35584
0.10347  -0.30686  0.2171  2.4472  0.40537  -0.35578
0.10347  -0.30686  0.21695  2.4477  0.40543  -0.35572
0.10347  -0.30687  0.2168  2.4481  0.4055  -0.35566
0.10347  -0.30687  0.21665  2.4486  0.40556  -0.3556
0.10346  -0.30688  0.21651  2.449  0.40563  -0.35554
0.10346  -0.30689  0.21636  2.4494  0.40569  -0.35548
0.10346  -0.30689  0.21621  2.4499  0.40575  -0.35542
0.10346  -0.3069  0.21607  2.4503  0.40581  -0.35537
0.10346  -0.3069  0.21592  2.4508  0.40588  -0.35531
0.10346  -0.30691  0.21578  2.4512  0.40594  -0.35525
0.10346  -0.30691  0.21563  2.4516  0.406  -0.35519
0.10345  -0.30692  0.21549  2.4521  0.40606  -0.35514
0.10345  -0.30692  0.21534  2.4525  0.40613  -0.35508
0.10345  -0.30693  0.21519  2.453  0.40619  -0.35502
0.10345  -0.30693  0.21505  2.4534  0.40625  -0.35496
0.10345  -0.30694  0.2149  2.4538  0.40631  -0.3549
0.10345  -0.30694  0.21476  2.4543  0.40638  -0.35485
0.10344  -0.30695  0.21461  2.4547  0.40644  -0.35479
0.10344  -0.30696  0.21447  2.4551  0.4065  -0.35473
0.10344  -0.30696  0.21432  2.4556  0.40656  -0.35468
0.10344  -0.30697  0.21418  2.456  0.40662  -0.35462
0.10344  -0.30697  0.21404  2.4564  0.40669  -0.35456
0.10344  -0.30698  0.21389  2.4569  0.40675  -0.35451
0.10343  -0.30698  0.21375  2.4573  0.40681  -0.35445
0.10343  -0.30699  0.21361  2.4577  0.40687  -0.3544
0.10343  -0.307  0.21346  2.4581  0.40693  -0.35434
0.10343  -0.307  0.21332  2.4586  0.40699  -0.35428
0.10343  -0.30701  0.21318  2.459  0.40705  -0.35423
0.10343  -0.30701  0.21303  2.4594  0.40711  -0.35417
0.10342  -0.30702  0.21289  2.4598  0.40718  -0.35412
0.10342  -0.30703  0.21275  2.4603  0.40724  -0.35406
0.10342  -0.30703  0.21261  2.4607  0.4073  -0.35401
0.10342  -0.30704  0.21247  2.4611  0.40736  -0.35395
0.10342  -0.30705  0.21232  2.4615  0.40742  -0.3539
0.10341  -0.30705  0.21218  2.4619  0.40748  -0.35384
0.10341  -0.30706  0.21204  2.4624  0.40754  -0.35379
0.10341  -0.30707  0.2119  2.4628  0.4076  -0.35373
0.10341  -0.30707  0.21176  2.4632  0.40766  -0.35368
0.10341  -0.30708  0.21162  2.4636  0.40772  -0.35362
0.10341  -0.30709  0.21148  2.464  0.40778  -0.35357
0.1034  -0.3071  0.21134  2.4645  0.40784  -0.35352
0.1034  -0.3071  0.2112  2.4649  0.4079  -0.35346
0.1034  -0.30711  0.21106  2.4653  0.40796  -0.35341
0.1034  -0.30712  0.21092  2.4657  0.40802  -0.35335
0.1034  -0.30712  0.21078  2.4661  0.40808  -0.3533
0.10339  -0.30713  0.21064  2.4665  0.40814  -0.35325
0.10339  -0.30714  0.2105  2.4669  0.4082  -0.35319
0.10339  -0.30715  0.21036  2.4673  0.40826  -0.35314
0.10339  -0.30715  0.21022  2.4677  0.40832  -0.35309
0.10339  -0.30716  0.21008  2.4681  0.40837  -0.35304
0.10339  -0.30717  0.20994  2.4686  0.40843  -0.35298
0.10338  -0.30718  0.2098  2.469  0.40849  -0.35293
0.10338  -0.30719  0.20967  2.4694  0.40855  -0.35288
0.10338  -0.3072  0.20953  2.4698  0.40861  -0.35282
0.10338  -0.3072  0.20939  2.4702  0.40867  -0.35277
0.10338  -0.30721  0.20925  2.4706  0.40873  -0.35272
0.10337  -0.30722  0.20911  2.471  0.40879  -0.35267
0.10337  -0.30723  0.20898  2.4714  0.40885  -0.35262
0.10337  -0.30724  0.20884  2.4718  0.4089  -0.35256
0.10337  -0.30725  0.2087  2.4722  0.40896  -0.35251
0.10336  -0.30726  0.20857  2.4726  0.40902  -0.35246
0.10336  -0.30727  0.20843  2.473  0.40908  -0.35241
0.10336  -0.30728  0.2083  2.4734  0.40914  -0.35236
0.10336  -0.30729  0.20816  2.4738  0.40919  -0.35231
0.10336  -0.3073  0.20802  2.4742  0.40925  -0.35226
0.10335  -0.30731  0.20789  2.4745  0.40931  -0.35221
0.10335  -0.30732  0.20775  2.4749  0.40937  -0.35216
0.10335  -0.30733  0.20762  2.4753  0.40942  -0.35211
0.10335  -0.30734  0.20748  2.4757  0.40948  -0.35206
0.10335  -0.30735  0.20735  2.4761  0.40954  -0.35201
0.10334  -0.30736  0.20721  2.4765  0.40959  -0.35196
0.10334  -0.30737  0.20708  2.4769  0.40965  -0.35191
0.10334  -0.30738  0.20695  2.4773  0.40971  -0.35186
0.10334  -0.30739  0.20681  2.4776  0.40976  -0.35181
0.10333  -0.3074  0.20668  2.478  0.40982  -0.35176
0.10333  -0.30741  0.20654  2.4784  0.40988  -0.35171
0.10333  -0.30742  0.20641  2.4788  0.40993  -0.35166
0.10333  -0.30743  0.20627  2.4792  0.40999  -0.35161
0.10333  -0.30744  0.20614  2.4796  0.41005  -0.35156
0.10332  -0.30745  0.20601  2.48  0.4101  -0.35151
0.10332  -0.30747  0.20587  2.4803  0.41016  -0.35146
0.10332  -0.30748  0.20574  2.4807  0.41022  -0.35141
0.10332  -0.30749  0.20561  2.4811  0.41027  -0.35136
0.10331  -0.3075  0.20548  2.4815  0.41033  -0.35131
0.10331  -0.30751  0.20535  2.4818  0.41038  -0.35127
0.10331  -0.30752  0.20522  2.4822  0.41044  -0.35122
0.10331  -0.30754  0.20508  2.4826  0.41049  -0.35117
0.1033  -0.30755  0.20495  2.483  0.41055  -0.35112
0.1033  -0.30756  0.20482  2.4833  0.4106  -0.35107
0.1033  -0.30757  0.20469  2.4837  0.41066  -0.35102
0.1033  -0.30759  0.20456  2.4841  0.41071  -0.35097
0.10329  -0.3076  0.20443  2.4844  0.41077  -0.35093
0.10329  -0.30761  0.2043  2.4848  0.41082  -0.35088
0.10329  -0.30763  0.20417  2.4852  0.41088  -0.35083
0.10329  -0.30764  0.20404  2.4855  0.41093  -0.35078
0.10328  -0.30765  0.20391  2.4859  0.41098  -0.35074
0.10328  -0.30767  0.20378  2.4863  0.41104  -0.35069
0.10328  -0.30768  0.20365  2.4866  0.41109  -0.35064
0.10327  -0.30769  0.20352  2.487  0.41114  -0.3506
0.10327  -0.30771  0.20339  2.4874  0.4112  -0.35055
0.10327  -0.30772  0.20326  2.4877  0.41125  -0.3505
0.10327  -0.30774  0.20313  2.4881  0.41131  -0.35045
0.10326  -0.30775  0.203  2.4884  0.41136  -0.35041
0.10326  -0.30777  0.20288  2.4888  0.41141  -0.35036
0.10326  -0.30778  0.20275  2.4891  0.41147  -0.35032
0.10325  -0.3078  0.20262  2.4895  0.41152  -0.35027
0.10325  -0.30781  0.20249  2.4899  0.41157  -0.35022
0.10325  -0.30783  0.20237  2.4902  0.41162  -0.35018
0.10325  -0.30784  0.20224  2.4906  0.41167  -0.35013
0.10324  -0.30786  0.20212  2.4909  0.41173  -0.35009
0.10324  -0.30787  0.20199  2.4913  0.41178  -0.35004
0.10324  -0.30789  0.20186  2.4916  0.41183  -0.35
0.10323  -0.3079  0.20173  2.492  0.41188  -0.34995
0.10323  -0.30792  0.20161  2.4923  0.41194  -0.34991
0.10323  -0.30794  0.20148  2.4927  0.41199  -0.34986
0.10322  -0.30795  0.20136  2.493  0.41204  -0.34982
0.10322  -0.30797  0.20123  2.4933  0.41209  -0.34977
0.10322  -0.30799  0.2011  2.4937  0.41214  -0.34973
0.10321  -0.308  0.20098  2.494  0.41219  -0.34968
0.10321  -0.30802  0.20086  2.4944  0.41224  -0.34964
0.10321  -0.30804  0.20073  2.4947  0.41229  -0.34959
0.10321  -0.30805  0.20061  2.495  0.41234  -0.34955
0.1032  -0.30807  0.20048  2.4954  0.4124  -0.34951
0.1032  -0.30809  0.20036  2.4957  0.41245  -0.34946
0.1032  -0.30811  0.20023  2.4961  0.4125  -0.34942
0.10319  -0.30812  0.20011  2.4964  0.41255  -0.34938
0.10319  -0.30814  0.19999  2.4967  0.4126  -0.34933
0.10319  -0.30816  0.19986  2.4971  0.41265  -0.34929
0.10318  -0.30818  0.19974  2.4974  0.4127  -0.34925
0.10318  -0.3082  0.19961  2.4978  0.41275  -0.3492
0.10318  -0.30821  0.19949  2.4981  0.4128  -0.34916
0.10317  -0.30823  0.19937  2.4984  0.41285  -0.34912
0.10317  -0.30825  0.19925  2.4987  0.4129  -0.34908
0.10317  -0.30827  0.19913  2.4991  0.41295  -0.34903
0.10316  -0.30829  0.19901  2.4994  0.413  -0.34899
0.10316  -0.30831  0.19888  2.4997  0.41305  -0.34895
0.10316  -0.30832  0.19876  2.5001  0.4131  -0.34891
0.10315  -0.30834  0.19864  2.5004  0.41315  -0.34887
0.10315  -0.30836  0.19852  2.5007  0.4132  -0.34883
0.10314  -0.30838  0.1984  2.501  0.41325  -0.34878
0.10314  -0.3084  0.19827  2.5014  0.4133  -0.34874
0.10314  -0.30842  0.19815  2.5017  0.41334  -0.3487
0.10313  -0.30844  0.19803  2.502  0.41339  -0.34866
0.10313  -0.30846  0.19791  2.5023  0.41344  -0.34862
0.10313  -0.30848  0.19779  2.5027  0.41349  -0.34858
0.10312  -0.3085  0.19767  2.503  0.41354  -0.34854
0.10312  -0.30852  0.19755  2.5033  0.41359  -0.3485
0.10312  -0.30854  0.19744  2.5036  0.41364  -0.34846
0.10311  -0.30856  0.19732  2.5039  0.41368  -0.34842
0.10311  -0.30858  0.1972  2.5042  0.41373  -0.34838
0.10311  -0.3086  0.19708  2.5046  0.41378  -0.34834
0.1031  -0.30862  0.19696  2.5049  0.41383  -0.34831
0.1031  -0.30864  0.19684  2.5052  0.41388  -0.34827
0.1031  -0.30866  0.19672  2.5055  0.41393  -0.34823
0.10309  -0.30868  0.1966  2.5058  0.41398  -0.34819
0.10309  -0.3087  0.19648  2.5061  0.41402  -0.34815
0.10309  -0.30872  0.19637  2.5064  0.41407  -0.34811
0.10308  -0.30874  0.19625  2.5068  0.41412  -0.34808
0.10308  -0.30876  0.19613  2.5071  0.41417  -0.34804
0.10308  -0.30878  0.19601  2.5074  0.41421  -0.348
0.10307  -0.3088  0.1959  2.5077  0.41426  -0.34796
0.10307  -0.30882  0.19578  2.508  0.41431  -0.34793
0.10307  -0.30884  0.19566  2.5083  0.41436  -0.34789
0.10306  -0.30887  0.19554  2.5086  0.4144  -0.34785
0.10306  -0.30889  0.19543  2.5089  0.41445  -0.34781
0.10306  -0.30891  0.19531  2.5092  0.4145  -0.34778
0.10305  -0.30893  0.19519  2.5095  0.41455  -0.34774
0.10305  -0.30895  0.19508  2.5098  0.41459  -0.3477
0.10305  -0.30897  0.19496  2.5101  0.41464  -0.34767
0.10304  -0.30899  0.19485  2.5104  0.41469  -0.34763
0.10304  -0.30902  0.19473  2.5107  0.41473  -0.3476
0.10304  -0.30904  0.19462  2.511  0.41478  -0.34756
0.10303  -0.30906  0.1945  2.5113  0.41483  -0.34752
0.10303  -0.30908  0.19439  2.5116  0.41487  -0.34749
0.10303  -0.3091  0.19427  2.5119  0.41492  -0.34745
0.10302  -0.30912  0.19415  2.5122  0.41497  -0.34742
0.10302  -0.30915  0.19404  2.5125  0.41501  -0.34738
0.10302  -0.30917  0.19392  2.5128  0.41506  -0.34735
0.10301  -0.30919  0.19381  2.5131  0.41511  -0.34731
0.10301  -0.30921  0.1937  2.5134  0.41515  -0.34728
0.103  -0.30924  0.19358  2.5137  0.4152  -0.34724
0.103  -0.30926  0.19347  2.514  0.41524  -0.34721
0.103  -0.30928  0.19336  2.5143  0.41529  -0.34717
0.10299  -0.3093  0.19324  2.5146  0.41533  -0.34714
0.10299  -0.30933  0.19313  2.5149  0.41538  -0.3471
0.10299  -0.30935  0.19301  2.5152  0.41543  -0.34707
0.10298  -0.30937  0.1929  2.5155  0.41547  -0.34703
0.10298  -0.30939  0.19278  2.5158  0.41552  -0.347
0.10298  -0.30942  0.19267  2.5161  0.41556  -0.34697
0.10297  -0.30944  0.19256  2.5164  0.41561  -0.34693
0.10297  -0.30946  0.19244  2.5166  0.41566  -0.3469
0.10297  -0.30949  0.19233  2.5169  0.4157  -0.34686
0.10296  -0.30951  0.19222  2.5172  0.41575  -0.34683
0.10296  -0.30953  0.19211  2.5175  0.41579  -0.3468
0.10295  -0.30956  0.192  2.5178  0.41584  -0.34677
0.10295  -0.30958  0.19189  2.5181  0.41588  -0.34673
0.10295  -0.3096  0.19177  2.5184  0.41593  -0.3467
0.10294  -0.30963  0.19166  2.5186  0.41597  -0.34667
0.10294  -0.30965  0.19155  2.5189  0.41602  -0.34663
0.10294  -0.30968  0.19144  2.5192  0.41606  -0.3466
0.10293  -0.3097  0.19132  2.5195  0.41611  -0.34657
0.10293  -0.30972  0.19121  2.5198  0.41615  -0.34654
0.10293  -0.30975  0.1911  2.5201  0.4162  -0.34651
0.10292  -0.30977  0.19099  2.5203  0.41624  -0.34647
0.10292  -0.30979  0.19088  2.5206  0.41629  -0.34644
0.10292  -0.30982  0.19077  2.5209  0.41633  -0.34641
0.10291  -0.30984  0.19066  2.5212  0.41637  -0.34638
0.10291  -0.30987  0.19055  2.5215  0.41642  -0.34635
0.10291  -0.30989  0.19044  2.5217  0.41646  -0.34632
0.1029  -0.30991  0.19033  2.522  0.41651  -0.34629
0.1029  -0.30994  0.19022  2.5223  0.41655  -0.34626
0.1029  -0.30996  0.1901  2.5226  0.4166  -0.34622
0.10289  -0.30999  0.18999  2.5229  0.41664  -0.34619
0.10289  -0.31001  0.18988  2.5231  0.41669  -0.34616
0.10289  -0.31004  0.18977  2.5234  0.41673  -0.34613
0.10288  -0.31006  0.18966  2.5237  0.41678  -0.3461
0.10288  -0.31008  0.18955  2.524  0.41682  -0.34607
0.10288  -0.31011  0.18944  2.5242  0.41687  -0.34604
0.10287  -0.31013  0.18933  2.5245  0.41691  -0.34602
0.10287  -0.31016  0.18922  2.5248  0.41695  -0.34599
0.10287  -0.31018  0.18912  2.5251  0.417  -0.34596
0.10286  -0.31021  0.18901  2.5253  0.41704  -0.34593
0.10286  -0.31023  0.1889  2.5256  0.41709  -0.3459
0.10286  -0.31026  0.18879  2.5259  0.41713  -0.34587
0.10285  -0.31028  0.18868  2.5262  0.41718  -0.34584
0.10285  -0.31031  0.18857  2.5264  0.41722  -0.34581
0.10285  -0.31033  0.18846  2.5267  0.41727  -0.34579
0.10284  -0.31036  0.18835  2.527  0.41731  -0.34576
0.10284  -0.31038  0.18824  2.5272  0.41735  -0.34573
0.10284  -0.31041  0.18813  2.5275  0.4174  -0.3457
0.10284  -0.31043  0.18802  2.5278  0.41744  -0.34568
0.10283  -0.31046  0.18792  2.528  0.41749  -0.34565
0.10283  -0.31048  0.18781  2.5283  0.41753  -0.34562
0.10283  -0.31051  0.1877  2.5286  0.41757  -0.34559
0.10282  -0.31053  0.18759  2.5288  0.41762  -0.34557
0.10282  -0.31056  0.18748  2.5291  0.41766  -0.34554
0.10282  -0.31058  0.18737  2.5294  0.41771  -0.34551
0.10282  -0.31061  0.18726  2.5297  0.41775  -0.34549
0.10281  -0.31063  0.18715  2.5299  0.4178  -0.34546
0.10281  -0.31066  0.18704  2.5302  0.41784  -0.34543
0.10281  -0.31068  0.18694  2.5305  0.41789  -0.34541
0.1028  -0.31071  0.18683  2.5307  0.41793  -0.34538
0.1028  -0.31073  0.18672  2.531  0.41798  -0.34536
0.1028  -0.31076  0.18661  2.5313  0.41802  -0.34533
0.1028  -0.31078  0.18651  2.5315  0.41807  -0.34531
0.10279  -0.31081  0.1864  2.5318  0.41811  -0.34528
0.10279  -0.31083  0.18629  2.5321  0.41816  -0.34526
0.10279  -0.31086  0.18618  2.5323  0.4182  -0.34523
0.10279  -0.31088  0.18607  2.5326  0.41825  -0.3452
0.10278  -0.31091  0.18596  2.5329  0.41829  -0.34517
0.10278  -0.31093  0.18585  2.5332  0.41833  -0.34514
0.10277  -0.31096  0.18575  2.5334  0.41837  -0.34511
0.10277  -0.31099  0.18564  2.5337  0.41841  -0.34508
0.10276  -0.31101  0.18553  2.534  0.41846  -0.34504
0.10276  -0.31104  0.18542  2.5342  0.4185  -0.34501
0.10275  -0.31107  0.18532  2.5345  0.41854  -0.34498
0.10275  -0.3111  0.18521  2.5348  0.41858  -0.34495
0.10274  -0.31113  0.1851  2.535  0.41862  -0.34492
0.10274  -0.31116  0.185  2.5353  0.41866  -0.34489
0.10273  -0.31119  0.18489  2.5355  0.4187  -0.34486
0.10273  -0.31122  0.18479  2.5358  0.41874  -0.34483
0.10272  -0.31125  0.18468  2.536  0.41878  -0.34481
0.10272  -0.31129  0.18458  2.5363  0.41882  -0.34478
0.10271  -0.31132  0.18447  2.5365  0.41886  -0.34475
0.10271  -0.31135  0.18437  2.5368  0.4189  -0.34472
0.1027  -0.31139  0.18427  2.537  0.41893  -0.3447
0.1027  -0.31142  0.18416  2.5373  0.41897  -0.34467
0.10269  -0.31146  0.18406  2.5375  0.41901  -0.34464
0.10268  -0.31149  0.18396  2.5377  0.41905  -0.34461
0.10268  -0.31153  0.18386  2.538  0.41909  -0.34459
0.10267  -0.31157  0.18375  2.5382  0.41912  -0.34456
0.10267  -0.3116  0.18365  2.5384  0.41916  -0.34454
0.10266  -0.31164  0.18355  2.5387  0.4192  -0.34451
0.10265  -0.31168  0.18345  2.5389  0.41923  -0.34448
0.10265  -0.31172  0.18335  2.5391  0.41927  -0.34446
0.10264  -0.31176  0.18325  2.5394  0.4193  -0.34443
0.10263  -0.3118  0.18315  2.5396  0.41934  -0.34441
0.10263  -0.31184  0.18305  2.5398  0.41937  -0.34439
0.10262  -0.31188  0.18295  2.54  0.41941  -0.34436
0.10261  -0.31192  0.18285  2.5402  0.41945  -0.34434
0.10261  -0.31196  0.18275  2.5405  0.41948  -0.34432
0.1026  -0.31201  0.18265  2.5407  0.41952  -0.34429
0.10259  -0.31205  0.18255  2.5409  0.41955  -0.34427
0.10259  -0.31209  0.18245  2.5411  0.41958  -0.34425
0.10258  -0.31214  0.18235  2.5413  0.41962  -0.34422
0.10257  -0.31218  0.18225  2.5415  0.41965  -0.3442
0.10256  -0.31223  0.18215  2.5417  0.41969  -0.34418
0.10256  -0.31227  0.18205  2.542  0.41972  -0.34416
0.10255  -0.31232  0.18196  2.5422  0.41975  -0.34414
0.10254  -0.31236  0.18186  2.5424  0.41979  -0.34412
0.10253  -0.31241  0.18176  2.5426  0.41982  -0.34409
0.10253  -0.31246  0.18166  2.5428  0.41985  -0.34407
0.10252  -0.3125  0.18156  2.543  0.41989  -0.34405
0.10251  -0.31255  0.18147  2.5432  0.41992  -0.34403
0.1025  -0.3126  0.18137  2.5434  0.41995  -0.34401
0.10249  -0.31265  0.18127  2.5436  0.41998  -0.34399
0.10249  -0.3127  0.18118  2.5438  0.42002  -0.34397
0.10248  -0.31274  0.18108  2.544  0.42005  -0.34395
0.10247  -0.31279  0.18098  2.5442  0.42008  -0.34393
0.10246  -0.31284  0.18089  2.5444  0.42011  -0.34391
0.10246  -0.31289  0.18079  2.5446  0.42015  -0.3439
0.10245  -0.31294  0.18069  2.5448  0.42018  -0.34388
0.10244  -0.31299  0.1806  2.545  0.42021  -0.34386
0.10243  -0.31304  0.1805  2.5452  0.42024  -0.34384
0.10242  -0.31309  0.1804  2.5453  0.42028  -0.34382
0.10242  -0.31314  0.18031  2.5455  0.42031  -0.3438
0.10241  -0.31319  0.18021  2.5457  0.42034  -0.34378
0.1024  -0.31323  0.18012  2.5459  0.42037  -0.34377
0.10239  -0.31328  0.18002  2.5461  0.42041  -0.34375
0.10239  -0.31333  0.17992  2.5463  0.42044  -0.34373
0.10238  -0.31338  0.17983  2.5465  0.42047  -0.34371
0.10237  -0.31343  0.17973  2.5467  0.4205  -0.34369
0.10236  -0.31348  0.17963  2.5469  0.42054  -0.34367
0.10236  -0.31353  0.17954  2.5471  0.42057  -0.34366
0.10235  -0.31357  0.17944  2.5473  0.4206  -0.34364
0.10234  -0.31362  0.17934  2.5475  0.42064  -0.34362
0.10234  -0.31367  0.17925  2.5477  0.42067  -0.3436
0.10233  -0.31372  0.17915  2.5479  0.4207  -0.34359
0.10232  -0.31377  0.17905  2.5481  0.42074  -0.34357
0.10231  -0.31381  0.17896  2.5482  0.42077  -0.34355
0.10231  -0.31386  0.17886  2.5484  0.4208  -0.34354
0.1023  -0.31391  0.17876  2.5486  0.42084  -0.34352
0.10229  -0.31396  0.17867  2.5488  0.42087  -0.3435
0.10229  -0.314  0.17857  2.549  0.42091  -0.34348
0.10228  -0.31405  0.17847  2.5492  0.42094  -0.34347
0.10227  -0.3141  0.17838  2.5494  0.42098  -0.34345
0.10227  -0.31414  0.17828  2.5496  0.42101  -0.34344
0.10226  -0.31419  0.17818  2.5498  0.42105  -0.34342
0.10225  -0.31423  0.17809  2.55  0.42108  -0.3434
0.10225  -0.31428  0.17799  2.5502  0.42112  -0.34339
0.10224  -0.31432  0.17789  2.5504  0.42115  -0.34337
0.10224  -0.31437  0.1778  2.5506  0.42119  -0.34335
0.10223  -0.31441  0.1777  2.5508  0.42122  -0.34334
0.10223  -0.31446  0.1776  2.551  0.42126  -0.34332
0.10222  -0.3145  0.1775  2.5512  0.42129  -0.34331
0.10221  -0.31455  0.17741  2.5514  0.42133  -0.34329
0.10221  -0.31459  0.17731  2.5516  0.42137  -0.34327
0.1022  -0.31463  0.17721  2.5518  0.4214  -0.34326
0.1022  -0.31467  0.17711  2.552  0.42144  -0.34324
0.10219  -0.31472  0.17702  2.5522  0.42147  -0.34323
0.10219  -0.31476  0.17692  2.5524  0.42151  -0.34321
0.10218  -0.3148  0.17682  2.5526  0.42155  -0.3432
0.10218  -0.31484  0.17672  2.5528  0.42159  -0.34318
0.10217  -0.31488  0.17662  2.553  0.42162  -0.34317
0.10217  -0.31492  0.17652  2.5532  0.42166  -0.34315
0.10216  -0.31496  0.17642  2.5534  0.4217  -0.34313
0.10216  -0.315  0.17632  2.5537  0.42174  -0.34312
0.10215  -0.31504  0.17622  2.5539  0.42177  -0.3431
0.10215  -0.31508  0.17612  2.5541  0.42181  -0.34309
0.10215  -0.31512  0.17603  2.5543  0.42185  -0.34307
0.10214  -0.31515  0.17593  2.5545  0.42189  -0.34306
0.10214  -0.31519  0.17583  2.5547  0.42193  -0.34304
0.10213  -0.31523  0.17573  2.5549  0.42197  -0.34303
0.10213  -0.31526  0.17563  2.5551  0.42201  -0.34301
0.10213  -0.3153  0.17553  2.5553  0.42205  -0.343
0.10212  -0.31533  0.17543  2.5556  0.42209  -0.34298
0.10212  -0.31537  0.17533  2.5558  0.42213  -0.34297
0.10212  -0.3154  0.17523  2.556  0.42217  -0.34295
0.10212  -0.31543  0.17513  2.5562  0.42221  -0.34294
0.10211  -0.31546  0.17502  2.5565  0.42225  -0.34292
0.10211  -0.31549  0.17492  2.5567  0.42229  -0.3429
0.10211  -0.31552  0.17482  2.5569  0.42234  -0.34289
0.10211  -0.31555  0.17472  2.5572  0.42238  -0.34287
0.10211  -0.31558  0.17462  2.5574  0.42242  -0.34286
0.10211  -0.31561  0.17451  2.5576  0.42247  -0.34285
0.10211  -0.31563  0.17441  2.5579  0.42251  -0.34283
0.10211  -0.31566  0.1743  2.5581  0.42256  -0.34282
0.1021  -0.31568  0.1742  2.5583  0.42261  -0.3428
0.10211  -0.31571  0.1741  2.5586  0.42265  -0.34279
0.10211  -0.31573  0.17399  2.5588  0.4227  -0.34277
0.10211  -0.31575  0.17389  2.5591  0.42275  -0.34276
0.10211  -0.31577  0.17378  2.5594  0.4228  -0.34274
0.10211  -0.31579  0.17367  2.5596  0.42285  -0.34273
0.10211  -0.31581  0.17356  2.5599  0.4229  -0.34272
0.10211  -0.31583  0.17346  2.5601  0.42294  -0.3427
0.10211  -0.31585  0.17336  2.5604  0.42299  -0.34269
0.10212  -0.31587  0.17325  2.5606  0.42305  -0.34268
0.10212  -0.31588  0.17314  2.5609  0.4231  -0.34266
0.10212  -0.3159  0.17303  2.5612  0.42315  -0.34265
0.10212  -0.31592  0.17292  2.5614  0.4232  -0.34264
0.10213  -0.31593  0.17281  2.5617  0.42325  -0.34262
0.10213  -0.31594  0.17271  2.562  0.4233  -0.34261
0.10213  -0.31595  0.1726  2.5622  0.42336  -0.34259
0.10213  -0.31597  0.17249  2.5625  0.42341  -0.34258
0.10214  -0.31598  0.17238  2.5628  0.42346  -0.34256
0.10214  -0.31599  0.17226  2.5631  0.42352  -0.34255
0.10215  -0.316  0.17215  2.5634  0.42357  -0.34253
0.10215  -0.316  0.17204  2.5637  0.42363  -0.34251
0.10215  -0.31601  0.17193  2.564  0.42368  -0.3425
0.10216  -0.31602  0.17181  2.5643  0.42374  -0.34248
0.10216  -0.31603  0.1717  2.5645  0.42379  -0.34246
0.10216  -0.31603  0.17158  2.5648  0.42385  -0.34244
0.10217  -0.31604  0.17147  2.5651  0.42391  -0.34243
0.10217  -0.31604  0.17136  2.5654  0.42396  -0.34241
0.10218  -0.31605  0.17124  2.5657  0.42402  -0.34239
0.10218  -0.31605  0.17112  2.5661  0.42408  -0.34238
0.10219  -0.31605  0.171  2.5664  0.42414  -0.34236
0.10219  -0.31605  0.17089  2.5667  0.4242  -0.34234
0.1022  -0.31606  0.17077  2.567  0.42426  -0.34233
0.10221  -0.31606  0.17066  2.5673  0.42432  -0.34231
0.10221  -0.31606  0.17054  2.5676  0.42438  -0.3423
0.10222  -0.31606  0.17042  2.5679  0.42444  -0.34228
0.10223  -0.31606  0.1703  2.5683  0.42451  -0.34227
0.10224  -0.31605  0.17018  2.5686  0.42457  -0.34226
0.10224  -0.31605  0.17006  2.5689  0.42463  -0.34225
0.10225  -0.31605  0.16995  2.5692  0.4247  -0.34224
0.10226  -0.31604  0.16984  2.5695  0.42476  -0.34223
0.10227  -0.31604  0.16971  2.5699  0.42483  -0.34222
0.10228  -0.31603  0.16958  2.5702  0.4249  -0.34221
0.10229  -0.31603  0.16947  2.5705  0.42497  -0.3422
0.1023  -0.31602  0.16934  2.5709  0.42504  -0.34219
0.10231  -0.31601  0.16922  2.5712  0.42511  -0.34218
0.10232  -0.31601  0.16911  2.5715  0.42517  -0.34218
0.10234  -0.316  0.16898  2.5719  0.42525  -0.34218
0.10235  -0.31599  0.16885  2.5722  0.42533  -0.34217
0.10236  -0.31598  0.16873  2.5726  0.4254  -0.34217
0.10237  -0.31597  0.16861  2.5729  0.42547  -0.34216
0.10239  -0.31596  0.16849  2.5733  0.42554  -0.34216
0.1024  -0.31595  0.16838  2.5736  0.42561  -0.34216
0.10241  -0.31595  0.16825  2.5739  0.42568  -0.34215
0.10243  -0.31594  0.16811  2.5743  0.42577  -0.34215
0.10244  -0.31592  0.16799  2.5747  0.42584  -0.34215
0.10245  -0.31591  0.16785  2.5751  0.42592  -0.34214
0.10247  -0.3159  0.16772  2.5754  0.426  -0.34214
0.10248  -0.31589  0.16762  2.5757  0.42606  -0.34214
0.1025  -0.31588  0.16749  2.5761  0.42615  -0.34215
0.10252  -0.31586  0.16733  2.5766  0.42625  -0.34215
0.10253  -0.31584  0.1672  2.5769  0.42633  -0.34216
0.10255  -0.31582  0.16706  2.5773  0.42642  -0.34217
0.10257  -0.31581  0.16692  2.5777  0.42651  -0.34217
0.10258  -0.3158  0.16686  2.5779  0.42656  -0.34218
0.1026  -0.31579  0.16674  2.5782  0.42663  -0.34218
0.10263  -0.31576  0.16652  2.5789  0.42678  -0.3422
0.10266  -0.31574  0.16632  2.5795  0.4269  -0.34221
0.10264  -0.31575  0.16644  2.5791  0.42682  -0.3422
