0.21365  -0.20864  0.44726  1.8091  1.1692  -1.0892
0.21363  -0.20868  0.44725  1.8091  1.1691  -1.0891
0.21362  -0.20871  0.44724  1.809  1.1689  -1.0889
0.21347  -0.20907  0.44718  1.8086  1.1671  -1.0873
0.21335  -0.20937  0.44712  1.8082  1.1656  -1.0859
0.2132  -0.20975  0.44706  1.8078  1.1638  -1.0843
0.2131  -0.20998  0.44701  1.8075  1.1627  -1.0833
0.21297  -0.21031  0.44695  1.8071  1.1611  -1.0818
0.21284  -0.21061  0.44689  1.8068  1.1596  -1.0805
0.21268  -0.21099  0.44682  1.8064  1.1577  -1.0789
0.21256  -0.21129  0.44676  1.8061  1.1563  -1.0776
0.21243  -0.2116  0.4467  1.8058  1.1548  -1.0763
0.2123  -0.21192  0.44664  1.8055  1.1532  -1.0749
0.21215  -0.21227  0.44657  1.8052  1.1515  -1.0735
0.212  -0.2126  0.4465  1.8049  1.1499  -1.0721
0.21187  -0.2129  0.44643  1.8046  1.1484  -1.0708
0.21173  -0.21324  0.44636  1.8043  1.1467  -1.0694
0.21158  -0.21357  0.44629  1.8041  1.1451  -1.068
0.21143  -0.21393  0.44621  1.8038  1.1434  -1.0666
0.2113  -0.21423  0.44614  1.8036  1.1419  -1.0654
0.21115  -0.21457  0.44607  1.8034  1.1403  -1.064
0.21101  -0.2149  0.44599  1.8032  1.1387  -1.0627
0.21085  -0.21525  0.44591  1.803  1.1369  -1.0613
0.21071  -0.21557  0.44583  1.8028  1.1354  -1.06
0.21056  -0.21589  0.44575  1.8026  1.1338  -1.0587
0.21041  -0.21623  0.44567  1.8024  1.1322  -1.0574
0.21026  -0.21657  0.44558  1.8023  1.1305  -1.0561
0.21011  -0.2169  0.4455  1.8021  1.1289  -1.0548
0.20997  -0.21721  0.44542  1.802  1.1274  -1.0536
0.20982  -0.21755  0.44533  1.8019  1.1258  -1.0523
0.20966  -0.21788  0.44525  1.8018  1.1242  -1.051
0.20951  -0.21821  0.44516  1.8017  1.1226  -1.0498
0.20937  -0.21852  0.44507  1.8016  1.1211  -1.0486
0.20921  -0.21885  0.44498  1.8015  1.1195  -1.0473
0.20906  -0.21917  0.44489  1.8014  1.1179  -1.0461
0.20891  -0.21951  0.4448  1.8013  1.1163  -1.0449
0.20876  -0.21982  0.44471  1.8013  1.1148  -1.0437
0.20861  -0.22013  0.44462  1.8012  1.1133  -1.0426
0.20847  -0.22044  0.44453  1.8012  1.1118  -1.0414
0.20831  -0.22076  0.44443  1.8012  1.1102  -1.0402
0.20817  -0.22107  0.44434  1.8011  1.1087  -1.0391
0.20802  -0.22137  0.44425  1.8011  1.1073  -1.038
0.20788  -0.22168  0.44416  1.8011  1.1058  -1.0369
0.20773  -0.22199  0.44406  1.8011  1.1043  -1.0358
0.20758  -0.2223  0.44396  1.8011  1.1029  -1.0347
0.20744  -0.22259  0.44387  1.8011  1.1015  -1.0337
0.2073  -0.22289  0.44377  1.8012  1.1  -1.0326
0.20715  -0.22318  0.44368  1.8012  1.0986  -1.0316
0.20701  -0.22348  0.44358  1.8013  1.0972  -1.0305
0.20687  -0.22376  0.44348  1.8013  1.0959  -1.0295
0.20673  -0.22405  0.44339  1.8014  1.0945  -1.0285
0.20659  -0.22433  0.44329  1.8014  1.0931  -1.0275
0.20645  -0.22462  0.44318  1.8015  1.0918  -1.0265
0.20631  -0.2249  0.44309  1.8016  1.0904  -1.0256
0.20618  -0.22517  0.44299  1.8017  1.0891  -1.0246
0.20604  -0.22545  0.44288  1.8018  1.0878  -1.0237
0.2059  -0.22573  0.44278  1.8019  1.0865  -1.0227
0.20576  -0.22601  0.44268  1.802  1.0852  -1.0218
0.20563  -0.22627  0.44258  1.8021  1.0839  -1.0209
0.20549  -0.22655  0.44247  1.8023  1.0827  -1.02
0.20536  -0.22682  0.44237  1.8024  1.0814  -1.0191
0.20522  -0.22709  0.44226  1.8025  1.0801  -1.0182
0.20509  -0.22735  0.44215  1.8027  1.0789  -1.0173
0.20496  -0.22762  0.44204  1.8028  1.0776  -1.0164
0.20482  -0.22788  0.44194  1.803  1.0764  -1.0156
0.20469  -0.22815  0.44183  1.8032  1.0752  -1.0147
0.20456  -0.22842  0.44172  1.8033  1.0739  -1.0138
0.20442  -0.22868  0.44161  1.8035  1.0727  -1.013
0.20429  -0.22894  0.44149  1.8037  1.0715  -1.0121
0.20416  -0.2292  0.44138  1.8039  1.0703  -1.0113
0.20402  -0.22947  0.44127  1.8041  1.0691  -1.0104
0.20389  -0.22973  0.44115  1.8043  1.0679  -1.0096
0.20376  -0.22999  0.44104  1.8045  1.0667  -1.0087
0.20362  -0.23025  0.44092  1.8047  1.0655  -1.0079
0.20349  -0.23051  0.4408  1.8049  1.0643  -1.0071
0.20336  -0.23077  0.44068  1.8051  1.0631  -1.0063
0.20322  -0.23103  0.44056  1.8054  1.0619  -1.0054
0.20309  -0.23129  0.44044  1.8056  1.0607  -1.0046
0.20295  -0.23156  0.44032  1.8058  1.0595  -1.0038
0.20281  -0.23182  0.44019  1.8061  1.0583  -1.0029
0.20268  -0.23208  0.44007  1.8063  1.0571  -1.0021
0.20254  -0.23235  0.43994  1.8066  1.0559  -1.0013
0.2024  -0.23261  0.43981  1.8069  1.0546  -1.0005
0.20226  -0.23288  0.43968  1.8072  1.0534  -0.99965
0.20212  -0.23314  0.43955  1.8074  1.0522  -0.99885
0.20197  -0.23341  0.43942  1.8077  1.051  -0.99802
0.20183  -0.23368  0.43928  1.808  1.0498  -0.9972
0.20169  -0.23395  0.43914  1.8083  1.0485  -0.99637
0.20155  -0.23422  0.43901  1.8086  1.0473  -0.99557
0.2014  -0.23448  0.43887  1.8089  1.0461  -0.99475
0.20126  -0.23475  0.43872  1.8093  1.0449  -0.99394
0.20111  -0.23503  0.43858  1.8096  1.0436  -0.99312
0.20096  -0.2353  0.43843  1.8099  1.0424  -0.99231
0.20082  -0.23556  0.43829  1.8103  1.0412  -0.99151
0.20067  -0.23583  0.43814  1.8106  1.0399  -0.99071
0.20052  -0.23611  0.43799  1.811  1.0387  -0.98991
0.20037  -0.23638  0.43783  1.8114  1.0374  -0.98911
0.20022  -0.23665  0.43768  1.8118  1.0362  -0.98834
0.20007  -0.23692  0.43752  1.8122  1.035  -0.98755
0.19991  -0.23719  0.43736  1.8126  1.0337  -0.98677
0.19976  -0.23747  0.43719  1.813  1.0325  -0.98599
0.1996  -0.23774  0.43703  1.8135  1.0312  -0.98522
0.19945  -0.23801  0.43686  1.8139  1.03  -0.98446
0.19929  -0.23828  0.43669  1.8144  1.0287  -0.9837
0.19913  -0.23856  0.43652  1.8149  1.0274  -0.98294
0.19897  -0.23883  0.43634  1.8153  1.0262  -0.98219
0.19881  -0.2391  0.43617  1.8158  1.0249  -0.98144
0.19865  -0.23938  0.43599  1.8163  1.0236  -0.98069
0.19848  -0.23965  0.4358  1.8169  1.0223  -0.97994
0.19832  -0.23993  0.43561  1.8174  1.021  -0.9792
0.19815  -0.2402  0.43543  1.8179  1.0197  -0.97847
0.19799  -0.24047  0.43524  1.8185  1.0184  -0.97773
0.19782  -0.24075  0.43505  1.819  1.0172  -0.977
0.19765  -0.24102  0.43485  1.8196  1.0158  -0.97626
0.19748  -0.24129  0.43465  1.8202  1.0145  -0.97553
0.19731  -0.24157  0.43445  1.8208  1.0132  -0.9748
0.19714  -0.24184  0.43425  1.8213  1.0119  -0.97407
0.19696  -0.24212  0.43404  1.822  1.0106  -0.97333
0.19679  -0.24239  0.43383  1.8226  1.0093  -0.97261
0.19662  -0.24266  0.43362  1.8232  1.008  -0.97188
0.19644  -0.24293  0.43341  1.8238  1.0066  -0.97116
0.19626  -0.2432  0.43319  1.8245  1.0053  -0.97043
0.19608  -0.24347  0.43297  1.8251  1.0039  -0.9697
0.19591  -0.24373  0.43275  1.8258  1.0026  -0.96898
0.19573  -0.244  0.43253  1.8265  1.0013  -0.96826
0.19555  -0.24426  0.4323  1.8272  0.99994  -0.96753
0.19537  -0.24453  0.43206  1.8279  0.99857  -0.9668
0.19519  -0.24479  0.43183  1.8285  0.99724  -0.96608
0.19501  -0.24505  0.43159  1.8293  0.99588  -0.96535
0.19482  -0.24531  0.43136  1.83  0.99453  -0.96463
0.19464  -0.24557  0.43111  1.8307  0.99315  -0.9639
0.19445  -0.24583  0.43087  1.8315  0.9918  -0.96317
0.19427  -0.24609  0.43062  1.8322  0.99044  -0.96245
0.19409  -0.24634  0.43037  1.8329  0.98908  -0.96173
0.1939  -0.24659  0.43012  1.8337  0.9877  -0.961
0.19371  -0.24685  0.42986  1.8345  0.98632  -0.96027
0.19352  -0.2471  0.4296  1.8353  0.98495  -0.95955
0.19333  -0.24735  0.42934  1.8361  0.98357  -0.95882
0.19314  -0.24759  0.42908  1.8369  0.98219  -0.95809
0.19295  -0.24784  0.42881  1.8377  0.98079  -0.95735
0.19276  -0.24809  0.42854  1.8385  0.97941  -0.95663
0.19257  -0.24833  0.42827  1.8393  0.97802  -0.95589
0.19238  -0.24857  0.428  1.8401  0.97663  -0.95516
0.19218  -0.24881  0.42772  1.841  0.97521  -0.95442
0.19199  -0.24905  0.42744  1.8418  0.97382  -0.95369
0.1918  -0.24929  0.42717  1.8427  0.97243  -0.95296
0.19161  -0.24953  0.42688  1.8435  0.97103  -0.95222
0.19141  -0.24976  0.4266  1.8444  0.96961  -0.95148
0.19121  -0.25  0.42631  1.8453  0.9682  -0.95074
0.19102  -0.25023  0.42602  1.8461  0.96681  -0.95001
0.19082  -0.25046  0.42573  1.847  0.9654  -0.94927
0.19062  -0.25069  0.42544  1.8479  0.96398  -0.94853
0.19042  -0.25092  0.42514  1.8488  0.96256  -0.94778
0.19023  -0.25114  0.42485  1.8497  0.96115  -0.94704
0.19003  -0.25137  0.42455  1.8506  0.95973  -0.9463
0.18983  -0.25159  0.42425  1.8515  0.95831  -0.94555
0.18963  -0.25181  0.42394  1.8525  0.95688  -0.9448
0.18943  -0.25203  0.42364  1.8534  0.95546  -0.94405
0.18923  -0.25225  0.42334  1.8543  0.95404  -0.94331
0.18903  -0.25247  0.42303  1.8552  0.95262  -0.94256
0.18882  -0.25269  0.42272  1.8562  0.95118  -0.94181
0.18862  -0.2529  0.42241  1.8571  0.94975  -0.94106
0.18842  -0.25311  0.4221  1.8581  0.94833  -0.94031
0.18822  -0.25333  0.42179  1.859  0.9469  -0.93956
0.18801  -0.25354  0.42147  1.86  0.94547  -0.93881
0.1878  -0.25375  0.42116  1.8609  0.94402  -0.93805
0.1876  -0.25396  0.42084  1.8619  0.9426  -0.9373
0.1874  -0.25417  0.42052  1.8628  0.94116  -0.93655
0.18719  -0.25437  0.42021  1.8638  0.93973  -0.93579
0.18698  -0.25458  0.41988  1.8648  0.93827  -0.93503
0.18678  -0.25478  0.41956  1.8658  0.93684  -0.93428
0.18657  -0.25499  0.41924  1.8667  0.9354  -0.93353
0.18636  -0.25519  0.41892  1.8677  0.93396  -0.93277
0.18615  -0.25539  0.41859  1.8687  0.93251  -0.93201
0.18594  -0.25559  0.41826  1.8697  0.93106  -0.93126
0.18573  -0.25579  0.41794  1.8707  0.92962  -0.93051
0.18552  -0.25598  0.41761  1.8717  0.92817  -0.92975
0.18531  -0.25618  0.41728  1.8727  0.92672  -0.92899
0.1851  -0.25637  0.41695  1.8737  0.92526  -0.92824
0.18489  -0.25657  0.41662  1.8747  0.92383  -0.92749
0.18468  -0.25676  0.41628  1.8758  0.92237  -0.92674
0.18446  -0.25695  0.41595  1.8768  0.92093  -0.92599
0.18425  -0.25714  0.41561  1.8778  0.91946  -0.92524
0.18404  -0.25733  0.41528  1.8788  0.91801  -0.9245
0.18382  -0.25751  0.41494  1.8799  0.91656  -0.92375
0.18361  -0.2577  0.4146  1.8809  0.91511  -0.92301
0.18339  -0.25788  0.41426  1.8819  0.91364  -0.92227
0.18317  -0.25807  0.41392  1.883  0.91219  -0.92153
0.18299  -0.25829  0.41366  1.8837  0.91078  -0.92071
0.1828  -0.25851  0.4134  1.8844  0.90937  -0.9199
0.1826  -0.25874  0.41314  1.8852  0.90794  -0.91908
0.18241  -0.25896  0.41288  1.8859  0.90651  -0.91825
0.18222  -0.25918  0.41261  1.8866  0.90509  -0.91744
0.18203  -0.2594  0.41235  1.8874  0.90367  -0.91663
0.18184  -0.25962  0.41208  1.8881  0.90224  -0.91582
0.18164  -0.25985  0.41181  1.8889  0.90082  -0.91501
0.18145  -0.26006  0.41155  1.8896  0.89941  -0.91421
0.18126  -0.26028  0.41128  1.8904  0.898  -0.91342
0.18107  -0.2605  0.41101  1.8912  0.89659  -0.91262
0.18087  -0.26072  0.41074  1.8919  0.89516  -0.91182
0.18068  -0.26093  0.41047  1.8927  0.89374  -0.91102
0.18048  -0.26115  0.4102  1.8935  0.89232  -0.91022
0.18029  -0.26136  0.40992  1.8943  0.8909  -0.90944
0.18009  -0.26158  0.40965  1.8951  0.88948  -0.90865
0.1799  -0.26179  0.40937  1.8959  0.88807  -0.90786
0.1797  -0.262  0.4091  1.8966  0.88667  -0.90709
0.17951  -0.26221  0.40883  1.8974  0.88527  -0.90632
0.17931  -0.26242  0.40855  1.8983  0.88385  -0.90554
0.17911  -0.26263  0.40827  1.8991  0.88244  -0.90476
0.17892  -0.26284  0.40799  1.8999  0.88103  -0.90398
0.17872  -0.26305  0.40771  1.9007  0.87962  -0.90322
0.17852  -0.26326  0.40743  1.9015  0.87821  -0.90245
0.17833  -0.26347  0.40714  1.9024  0.87679  -0.90168
0.17813  -0.26367  0.40686  1.9032  0.87539  -0.90092
0.17793  -0.26388  0.40658  1.904  0.87401  -0.90017
0.17774  -0.26408  0.4063  1.9048  0.87261  -0.89942
0.17754  -0.26428  0.40601  1.9057  0.8712  -0.89867
0.17734  -0.26449  0.40573  1.9065  0.8698  -0.89791
0.17714  -0.26469  0.40544  1.9074  0.8684  -0.89716
0.17694  -0.26489  0.40515  1.9082  0.867  -0.89642
0.17674  -0.26509  0.40486  1.9091  0.8656  -0.89567
0.17654  -0.26529  0.40458  1.91  0.8642  -0.89493
0.17635  -0.26549  0.40429  1.9108  0.86282  -0.8942
0.17615  -0.26568  0.404  1.9117  0.86144  -0.89347
0.17595  -0.26588  0.40371  1.9126  0.86005  -0.89274
0.17575  -0.26608  0.40342  1.9134  0.85866  -0.89201
0.17555  -0.26627  0.40312  1.9143  0.85726  -0.89128
0.17535  -0.26647  0.40283  1.9152  0.85588  -0.89055
0.17515  -0.26666  0.40254  1.9161  0.85449  -0.88984
0.17495  -0.26686  0.40224  1.917  0.85311  -0.88912
0.17475  -0.26705  0.40195  1.9179  0.85173  -0.8884
0.17455  -0.26724  0.40165  1.9188  0.85036  -0.88769
0.17435  -0.26743  0.40136  1.9197  0.84899  -0.88699
0.17415  -0.26761  0.40106  1.9206  0.84762  -0.88628
0.17395  -0.2678  0.40076  1.9215  0.84624  -0.88557
0.17375  -0.26799  0.40046  1.9224  0.84486  -0.88487
0.17355  -0.26818  0.40017  1.9233  0.8435  -0.88417
0.17335  -0.26837  0.39986  1.9242  0.84213  -0.88347
0.17315  -0.26855  0.39956  1.9251  0.84076  -0.88278
0.17295  -0.26874  0.39926  1.9261  0.8394  -0.88209
0.17275  -0.26892  0.39897  1.927  0.83805  -0.88141
0.17255  -0.2691  0.39866  1.9279  0.8367  -0.88072
0.17235  -0.26928  0.39836  1.9288  0.83534  -0.88004
0.17215  -0.26946  0.39806  1.9298  0.83398  -0.87935
0.17195  -0.26965  0.39775  1.9307  0.83262  -0.87867
0.17175  -0.26982  0.39745  1.9316  0.83127  -0.878
0.17155  -0.27  0.39714  1.9326  0.82992  -0.87733
0.17135  -0.27018  0.39684  1.9335  0.82858  -0.87666
0.17115  -0.27036  0.39653  1.9345  0.82724  -0.876
0.17095  -0.27053  0.39623  1.9354  0.82591  -0.87534
0.17075  -0.27071  0.39592  1.9364  0.82457  -0.87468
0.17055  -0.27088  0.39561  1.9373  0.82323  -0.87402
0.17035  -0.27106  0.39531  1.9383  0.82189  -0.87336
0.17015  -0.27123  0.395  1.9393  0.82056  -0.87271
0.16995  -0.2714  0.39469  1.9402  0.81923  -0.87207
0.16975  -0.27157  0.39438  1.9412  0.8179  -0.87142
0.16955  -0.27174  0.39407  1.9422  0.81657  -0.87077
0.16935  -0.27191  0.39376  1.9431  0.81526  -0.87014
0.16915  -0.27208  0.39345  1.9441  0.81394  -0.8695
0.16895  -0.27225  0.39314  1.9451  0.81262  -0.86886
0.16875  -0.27241  0.39282  1.9461  0.8113  -0.86822
0.16855  -0.27258  0.39251  1.9471  0.80998  -0.86759
0.16835  -0.27275  0.3922  1.948  0.80867  -0.86696
0.16815  -0.27291  0.39188  1.949  0.80736  -0.86633
0.16795  -0.27308  0.39157  1.95  0.80604  -0.86571
0.16775  -0.27324  0.39125  1.951  0.80474  -0.86509
0.16755  -0.2734  0.39094  1.952  0.80344  -0.86447
0.16735  -0.27356  0.39063  1.953  0.80214  -0.86385
0.16715  -0.27373  0.39031  1.954  0.80084  -0.86324
0.16695  -0.27389  0.38999  1.955  0.79954  -0.86262
0.16675  -0.27405  0.38968  1.956  0.79824  -0.862
0.16655  -0.27421  0.38936  1.957  0.79694  -0.8614
0.16635  -0.27437  0.38904  1.958  0.79565  -0.86079
0.16615  -0.27452  0.38872  1.959  0.79435  -0.86018
0.16595  -0.27468  0.3884  1.96  0.79307  -0.85958
0.16576  -0.27484  0.38809  1.961  0.79179  -0.85898
0.16556  -0.27499  0.38777  1.9621  0.79051  -0.85838
0.16536  -0.27515  0.38745  1.9631  0.78922  -0.85779
0.16516  -0.2753  0.38713  1.9641  0.78793  -0.85719
0.16496  -0.27546  0.3868  1.9651  0.78665  -0.85659
0.16476  -0.27561  0.38648  1.9662  0.78538  -0.856
0.16456  -0.27576  0.38616  1.9672  0.7841  -0.85541
0.16436  -0.27591  0.38584  1.9682  0.78282  -0.85482
0.16416  -0.27606  0.38552  1.9692  0.78156  -0.85424
0.16397  -0.27621  0.38519  1.9703  0.78029  -0.85366
0.16377  -0.27636  0.38487  1.9713  0.77902  -0.85308
0.16357  -0.27652  0.38455  1.9723  0.77775  -0.85249
0.16337  -0.27666  0.38422  1.9734  0.77648  -0.85191
0.16317  -0.27681  0.3839  1.9744  0.77522  -0.85134
0.16297  -0.27696  0.38357  1.9755  0.77396  -0.85076
0.16277  -0.27711  0.38325  1.9765  0.77269  -0.85019
0.16258  -0.27725  0.38292  1.9775  0.77144  -0.84962
0.16238  -0.2774  0.3826  1.9786  0.77019  -0.84905
0.16218  -0.27754  0.38227  1.9796  0.76894  -0.84849
0.16198  -0.27769  0.38194  1.9807  0.76768  -0.84792
0.16179  -0.27783  0.38162  1.9817  0.76642  -0.84735
0.16159  -0.27798  0.38129  1.9828  0.76517  -0.84678
0.16139  -0.27812  0.38096  1.9838  0.76393  -0.84623
0.16119  -0.27826  0.38063  1.9849  0.76269  -0.84567
0.161  -0.2784  0.3803  1.9859  0.76144  -0.84511
0.1608  -0.27854  0.37997  1.987  0.76021  -0.84455
0.1606  -0.27868  0.37965  1.9881  0.75897  -0.844
0.16041  -0.27882  0.37932  1.9891  0.75774  -0.84345
0.16021  -0.27896  0.37899  1.9902  0.7565  -0.8429
0.16001  -0.2791  0.37866  1.9912  0.75526  -0.84234
0.15982  -0.27924  0.37833  1.9923  0.75403  -0.8418
0.15962  -0.27937  0.37799  1.9934  0.7528  -0.84125
0.15942  -0.27951  0.37766  1.9945  0.75157  -0.8407
0.15923  -0.27965  0.37733  1.9955  0.75034  -0.84016
0.15903  -0.27978  0.377  1.9966  0.74913  -0.83962
0.15884  -0.27992  0.37667  1.9977  0.74791  -0.83909
0.15864  -0.28005  0.37634  1.9987  0.74669  -0.83855
0.15845  -0.28018  0.376  1.9998  0.74547  -0.83801
0.15825  -0.28032  0.37567  2.0009  0.74425  -0.83748
0.15806  -0.28045  0.37534  2.002  0.74304  -0.83694
0.15786  -0.28058  0.375  2.0031  0.74183  -0.83641
0.15766  -0.28071  0.37467  2.0041  0.74061  -0.83588
0.15747  -0.28084  0.37434  2.0052  0.73941  -0.83536
0.15728  -0.28097  0.374  2.0063  0.73821  -0.83484
0.15708  -0.2811  0.37367  2.0074  0.73701  -0.83432
0.15689  -0.28123  0.37333  2.0085  0.73581  -0.83379
0.15669  -0.28136  0.373  2.0096  0.73461  -0.83327
0.1565  -0.28148  0.37266  2.0106  0.73341  -0.83275
0.15631  -0.28161  0.37233  2.0117  0.73222  -0.83224
0.15611  -0.28174  0.37199  2.0128  0.73103  -0.83172
0.15592  -0.28186  0.37165  2.0139  0.72984  -0.83121
0.15573  -0.28199  0.37132  2.015  0.72865  -0.8307
0.15553  -0.28211  0.37098  2.0161  0.72748  -0.83019
0.15534  -0.28223  0.37065  2.0172  0.72629  -0.82969
0.15515  -0.28236  0.37031  2.0183  0.72511  -0.82918
0.15496  -0.28248  0.36997  2.0194  0.72393  -0.82867
0.15476  -0.2826  0.36963  2.0205  0.72276  -0.82817
0.15457  -0.28272  0.3693  2.0216  0.72158  -0.82767
0.15438  -0.28284  0.36896  2.0227  0.72041  -0.82717
0.15419  -0.28296  0.36862  2.0238  0.71925  -0.82668
0.154  -0.28308  0.36828  2.0249  0.71809  -0.82619
0.15381  -0.2832  0.36794  2.026  0.71693  -0.8257
0.15362  -0.28332  0.36761  2.0271  0.71577  -0.82521
0.15343  -0.28343  0.36727  2.0282  0.71461  -0.82471
0.15324  -0.28355  0.36693  2.0293  0.71345  -0.82423
0.15305  -0.28367  0.36659  2.0304  0.7123  -0.82374
0.15286  -0.28378  0.36625  2.0316  0.71116  -0.82326
0.15267  -0.2839  0.36591  2.0327  0.71001  -0.82278
0.15248  -0.28401  0.36557  2.0338  0.70887  -0.8223
0.15229  -0.28412  0.36523  2.0349  0.70774  -0.82182
0.1521  -0.28423  0.36489  2.036  0.7066  -0.82135
0.15191  -0.28434  0.36455  2.0371  0.70547  -0.82087
0.15173  -0.28446  0.36421  2.0382  0.70433  -0.8204
0.15154  -0.28457  0.36387  2.0394  0.70321  -0.81993
0.15135  -0.28468  0.36353  2.0405  0.70209  -0.81946
0.15117  -0.28479  0.36318  2.0416  0.70097  -0.819
0.15098  -0.28489  0.36284  2.0427  0.69985  -0.81853
0.15079  -0.285  0.3625  2.0438  0.69874  -0.81808
0.15061  -0.2851  0.36217  2.0449  0.69764  -0.81762
0.15042  -0.28521  0.36182  2.0461  0.69653  -0.81716
0.15024  -0.28532  0.36148  2.0472  0.69542  -0.8167
0.15005  -0.28542  0.36114  2.0483  0.69431  -0.81625
0.14987  -0.28553  0.3608  2.0494  0.69322  -0.8158
0.14968  -0.28563  0.36046  2.0505  0.69213  -0.81535
0.1495  -0.28573  0.36011  2.0517  0.69103  -0.8149
0.14932  -0.28584  0.35977  2.0528  0.68995  -0.81445
0.14914  -0.28594  0.35943  2.0539  0.68887  -0.81401
0.14895  -0.28604  0.35909  2.055  0.68779  -0.81357
0.14877  -0.28614  0.35875  2.0562  0.68671  -0.81313
0.14859  -0.28624  0.35841  2.0573  0.68563  -0.81269
0.14841  -0.28634  0.35807  2.0584  0.68456  -0.81225
0.14822  -0.28644  0.35772  2.0595  0.68349  -0.81182
0.14804  -0.28654  0.35738  2.0607  0.68243  -0.81139
0.14786  -0.28663  0.35704  2.0618  0.68136  -0.81096
0.14768  -0.28673  0.3567  2.0629  0.68031  -0.81053
0.1475  -0.28683  0.35636  2.064  0.67926  -0.81011
0.14733  -0.28692  0.35602  2.0652  0.67821  -0.80968
0.14715  -0.28702  0.35568  2.0663  0.67716  -0.80926
0.14697  -0.28711  0.35533  2.0674  0.67611  -0.80883
0.14679  -0.28721  0.35499  2.0685  0.67507  -0.80841
0.14661  -0.2873  0.35465  2.0697  0.67403  -0.808
0.14643  -0.2874  0.35431  2.0708  0.67299  -0.80758
0.14626  -0.28749  0.35397  2.0719  0.67196  -0.80716
0.14608  -0.28758  0.35363  2.073  0.67094  -0.80675
0.1459  -0.28768  0.35329  2.0741  0.66992  -0.80634
0.14573  -0.28777  0.35295  2.0752  0.66889  -0.80593
0.14555  -0.28786  0.35261  2.0764  0.66787  -0.80551
0.14537  -0.28795  0.35227  2.0775  0.66685  -0.8051
0.1452  -0.28805  0.35193  2.0786  0.66584  -0.80469
0.14503  -0.28814  0.35159  2.0797  0.66484  -0.80429
0.14485  -0.28823  0.35125  2.0808  0.66383  -0.80388
0.14468  -0.28832  0.35091  2.082  0.66283  -0.80348
0.14451  -0.28841  0.35057  2.0831  0.66184  -0.80308
0.14433  -0.28849  0.35024  2.0842  0.66085  -0.80268
0.14416  -0.28858  0.3499  2.0853  0.65985  -0.80228
0.14399  -0.28867  0.34956  2.0864  0.65886  -0.80188
0.14382  -0.28876  0.34922  2.0875  0.65788  -0.80148
0.14365  -0.28885  0.34888  2.0886  0.6569  -0.80109
0.14347  -0.28894  0.34854  2.0897  0.65592  -0.80069
0.1433  -0.28903  0.34821  2.0908  0.65495  -0.8003
0.14313  -0.28912  0.34787  2.0919  0.65399  -0.79991
0.14297  -0.2892  0.34754  2.093  0.65303  -0.79952
0.1428  -0.28929  0.3472  2.0941  0.65207  -0.79914
0.14263  -0.28938  0.34687  2.0952  0.65111  -0.79875
0.14246  -0.28946  0.34653  2.0963  0.65015  -0.79836
0.14229  -0.28955  0.3462  2.0974  0.64921  -0.79797
0.14213  -0.28964  0.34586  2.0985  0.64826  -0.79759
0.14196  -0.28972  0.34553  2.0996  0.64732  -0.79721
0.14179  -0.28981  0.34519  2.1007  0.64638  -0.79683
0.14163  -0.28989  0.34486  2.1018  0.64546  -0.79645
0.14147  -0.28998  0.34453  2.1029  0.64454  -0.79608
0.1413  -0.29006  0.3442  2.104  0.64361  -0.7957
0.14114  -0.29015  0.34386  2.1051  0.64269  -0.79533
0.14097  -0.29023  0.34353  2.1062  0.64177  -0.79495
0.14081  -0.29032  0.3432  2.1072  0.64086  -0.79458
0.14065  -0.2904  0.34287  2.1083  0.63995  -0.79421
0.14048  -0.29049  0.34253  2.1094  0.63904  -0.79384
0.14032  -0.29057  0.3422  2.1105  0.63814  -0.79348
0.14016  -0.29065  0.34188  2.1116  0.63725  -0.79311
0.14  -0.29074  0.34155  2.1126  0.63636  -0.79275
0.13984  -0.29082  0.34122  2.1137  0.63547  -0.79239
0.13968  -0.2909  0.34089  2.1148  0.63457  -0.79202
0.13952  -0.29099  0.34056  2.1159  0.63369  -0.79167
0.13936  -0.29107  0.34023  2.1169  0.63282  -0.79131
0.1392  -0.29116  0.3399  2.118  0.63194  -0.79095
0.13904  -0.29124  0.33957  2.1191  0.63107  -0.7906
0.13889  -0.29132  0.33925  2.1201  0.63021  -0.79025
0.13873  -0.2914  0.33892  2.1212  0.62936  -0.7899
0.13858  -0.29148  0.3386  2.1222  0.6285  -0.78956
0.13842  -0.29157  0.33827  2.1233  0.62764  -0.78921
0.13826  -0.29165  0.33795  2.1244  0.62679  -0.78886
0.13811  -0.29173  0.33762  2.1254  0.62594  -0.78852
0.13795  -0.29182  0.3373  2.1265  0.62511  -0.78818
0.1378  -0.2919  0.33697  2.1275  0.62427  -0.78783
0.13765  -0.29198  0.33665  2.1286  0.62343  -0.7875
0.13749  -0.29206  0.33633  2.1296  0.62261  -0.78716
0.13734  -0.29215  0.33601  2.1307  0.62179  -0.78683
0.13719  -0.29223  0.33569  2.1317  0.62097  -0.7865
0.13704  -0.29231  0.33536  2.1328  0.62015  -0.78616
0.13689  -0.2924  0.33504  2.1338  0.61933  -0.78583
0.13673  -0.29248  0.33472  2.1349  0.61853  -0.78551
0.13658  -0.29256  0.3344  2.1359  0.61772  -0.78518
0.13643  -0.29265  0.33408  2.1369  0.61692  -0.78485
0.13629  -0.29273  0.33377  2.138  0.61612  -0.78453
0.13614  -0.29281  0.33345  2.139  0.61534  -0.78422
0.13599  -0.29289  0.33313  2.14  0.61456  -0.7839
0.13584  -0.29298  0.33282  2.141  0.61377  -0.78358
0.13569  -0.29306  0.3325  2.1421  0.61298  -0.78326
0.13555  -0.29314  0.33218  2.1431  0.61221  -0.78295
0.1354  -0.29323  0.33187  2.1441  0.61144  -0.78263
0.13526  -0.29331  0.33155  2.1452  0.61067  -0.78232
0.13511  -0.2934  0.33124  2.1462  0.60991  -0.78201
0.13497  -0.29348  0.33092  2.1472  0.60915  -0.78171
0.13482  -0.29356  0.33061  2.1482  0.60841  -0.78141
0.13468  -0.29365  0.3303  2.1492  0.60766  -0.78111
0.13454  -0.29373  0.32999  2.1502  0.60691  -0.7808
0.13439  -0.29381  0.32967  2.1512  0.60616  -0.7805
0.13425  -0.2939  0.32936  2.1522  0.60542  -0.7802
0.13411  -0.29398  0.32905  2.1533  0.60469  -0.7799
0.13397  -0.29407  0.32874  2.1543  0.60396  -0.77961
0.13383  -0.29415  0.32843  2.1553  0.60323  -0.77931
0.13369  -0.29423  0.32812  2.1563  0.60252  -0.77903
0.13355  -0.29432  0.32782  2.1573  0.60181  -0.77874
0.13341  -0.2944  0.32751  2.1583  0.60109  -0.77846
0.13327  -0.29449  0.3272  2.1593  0.60038  -0.77817
0.13313  -0.29457  0.32689  2.1603  0.59967  -0.77788
0.133  -0.29466  0.32659  2.1612  0.59898  -0.7776
0.13286  -0.29474  0.32628  2.1622  0.59828  -0.77733
0.13272  -0.29483  0.32597  2.1632  0.59759  -0.77705
0.13259  -0.29491  0.32567  2.1642  0.59691  -0.77677
0.13245  -0.295  0.32537  2.1652  0.59623  -0.7765
0.13232  -0.29508  0.32507  2.1662  0.59556  -0.77623
0.13219  -0.29516  0.32476  2.1671  0.59488  -0.77596
0.13205  -0.29525  0.32446  2.1681  0.59421  -0.77569
0.13192  -0.29533  0.32415  2.1691  0.59354  -0.77543
0.13179  -0.29542  0.32385  2.1701  0.59289  -0.77516
0.13165  -0.2955  0.32355  2.1711  0.59223  -0.7749
0.13152  -0.29559  0.32325  2.172  0.59158  -0.77464
0.13139  -0.29567  0.32295  2.173  0.59093  -0.77439
0.13127  -0.29576  0.32265  2.174  0.5903  -0.77414
0.13114  -0.29584  0.32235  2.1749  0.58966  -0.77388
0.13101  -0.29593  0.32205  2.1759  0.58902  -0.77363
0.13088  -0.29601  0.32175  2.1769  0.58838  -0.77338
0.13075  -0.2961  0.32146  2.1778  0.58776  -0.77313
0.13062  -0.29618  0.32116  2.1788  0.58714  -0.77288
0.13049  -0.29627  0.32086  2.1798  0.58652  -0.77264
0.13037  -0.29635  0.32057  2.1807  0.58591  -0.7724
0.13024  -0.29644  0.32027  2.1817  0.58531  -0.77216
0.13012  -0.29652  0.31998  2.1826  0.58471  -0.77193
0.13  -0.29661  0.31968  2.1836  0.5841  -0.77169
0.12987  -0.29669  0.31939  2.1845  0.5835  -0.77145
0.12975  -0.29678  0.31909  2.1855  0.5829  -0.77122
0.12962  -0.29686  0.3188  2.1864  0.58232  -0.77099
0.1295  -0.29695  0.31851  2.1874  0.58174  -0.77076
0.12938  -0.29703  0.31821  2.1883  0.58116  -0.77054
0.12926  -0.29712  0.31793  2.1892  0.58058  -0.77032
0.12914  -0.2972  0.31764  2.1902  0.58002  -0.7701
0.12902  -0.29728  0.31735  2.1911  0.57946  -0.76988
0.1289  -0.29737  0.31706  2.1921  0.57889  -0.76966
0.12878  -0.29746  0.31676  2.193  0.57833  -0.76945
0.12866  -0.29754  0.31647  2.1939  0.57778  -0.76923
0.12855  -0.29763  0.31619  2.1949  0.57723  -0.76903
0.12843  -0.29771  0.3159  2.1958  0.57669  -0.76882
0.12831  -0.2978  0.31561  2.1967  0.57615  -0.76861
0.1282  -0.29788  0.31533  2.1976  0.57562  -0.76841
0.12809  -0.29796  0.31504  2.1986  0.5751  -0.76821
0.12797  -0.29805  0.31475  2.1995  0.57457  -0.76801
0.12786  -0.29813  0.31447  2.2004  0.57404  -0.76781
0.12774  -0.29822  0.31418  2.2013  0.57352  -0.76761
0.12763  -0.2983  0.3139  2.2023  0.573  -0.76742
0.12752  -0.29839  0.31361  2.2032  0.5725  -0.76723
0.1274  -0.29847  0.31333  2.2041  0.57199  -0.76704
0.12729  -0.29856  0.31305  2.205  0.57149  -0.76686
0.12719  -0.29864  0.31277  2.2059  0.571  -0.76667
0.12708  -0.29872  0.31248  2.2068  0.57051  -0.76649
0.12697  -0.29881  0.3122  2.2077  0.57002  -0.76631
0.12686  -0.29889  0.31192  2.2087  0.56953  -0.76613
0.12675  -0.29898  0.31164  2.2096  0.56905  -0.76595
0.12664  -0.29906  0.31136  2.2105  0.56858  -0.76578
0.12653  -0.29915  0.31107  2.2114  0.56811  -0.76561
0.12643  -0.29923  0.31079  2.2123  0.56764  -0.76543
0.12632  -0.29931  0.31052  2.2132  0.56718  -0.76527
0.12622  -0.2994  0.31024  2.2141  0.56673  -0.76511
0.12612  -0.29948  0.30996  2.215  0.56628  -0.76494
0.12601  -0.29957  0.30968  2.2159  0.56582  -0.76478
0.12591  -0.29965  0.3094  2.2168  0.56537  -0.76462
0.12581  -0.29973  0.30912  2.2177  0.56493  -0.76446
0.1257  -0.29982  0.30885  2.2186  0.5645  -0.7643
0.1256  -0.2999  0.30857  2.2195  0.56406  -0.76415
0.1255  -0.29998  0.30829  2.2204  0.56364  -0.764
0.1254  -0.30007  0.30802  2.2212  0.56322  -0.76385
0.1253  -0.30015  0.30775  2.2221  0.56281  -0.76371
0.12521  -0.30023  0.30747  2.223  0.56239  -0.76356
0.12511  -0.30031  0.3072  2.2239  0.56198  -0.76342
0.12501  -0.3004  0.30692  2.2248  0.56157  -0.76327
0.12491  -0.30048  0.30665  2.2257  0.56117  -0.76314
0.12482  -0.30056  0.30637  2.2266  0.56077  -0.763
0.12472  -0.30064  0.3061  2.2275  0.56038  -0.76287
0.12463  -0.30073  0.30583  2.2283  0.55999  -0.76274
0.12453  -0.30081  0.30556  2.2292  0.55962  -0.76261
0.12444  -0.30089  0.30529  2.2301  0.55924  -0.76248
0.12435  -0.30097  0.30501  2.231  0.55886  -0.76236
0.12425  -0.30105  0.30474  2.2318  0.55849  -0.76223
0.12416  -0.30114  0.30447  2.2327  0.55812  -0.76211
0.12407  -0.30122  0.3042  2.2336  0.55776  -0.76199
0.12398  -0.3013  0.30393  2.2345  0.5574  -0.76187
0.12389  -0.30138  0.30366  2.2353  0.55705  -0.76176
0.1238  -0.30146  0.30339  2.2362  0.5567  -0.76164
0.12371  -0.30154  0.30312  2.2371  0.55637  -0.76153
0.12362  -0.30162  0.30286  2.2379  0.55603  -0.76142
0.12354  -0.3017  0.30259  2.2388  0.55568  -0.76131
0.12345  -0.30179  0.30232  2.2397  0.55535  -0.7612
0.12336  -0.30187  0.30205  2.2405  0.55502  -0.7611
0.12328  -0.30195  0.30178  2.2414  0.5547  -0.76099
0.12319  -0.30203  0.30151  2.2423  0.55438  -0.76089
0.12311  -0.30211  0.30125  2.2431  0.55406  -0.76079
0.12303  -0.30219  0.30098  2.244  0.55376  -0.7607
0.12295  -0.30227  0.30072  2.2448  0.55346  -0.7606
0.12286  -0.30235  0.30045  2.2457  0.55316  -0.76051
0.12278  -0.30243  0.30019  2.2466  0.55286  -0.76041
0.1227  -0.30251  0.29992  2.2474  0.55256  -0.76032
0.12262  -0.30259  0.29966  2.2483  0.55228  -0.76023
0.12254  -0.30267  0.29939  2.2491  0.55199  -0.76014
0.12246  -0.30275  0.29913  2.25  0.55171  -0.76005
0.12238  -0.30283  0.29886  2.2508  0.55143  -0.75997
0.12231  -0.30291  0.29861  2.2516  0.55117  -0.75988
0.12223  -0.30299  0.29834  2.2525  0.55091  -0.7598
0.12215  -0.30307  0.29808  2.2533  0.55064  -0.75972
0.12208  -0.30315  0.29782  2.2542  0.55037  -0.75964
0.122  -0.30323  0.29755  2.255  0.55012  -0.75956
0.12193  -0.3033  0.29729  2.2559  0.54987  -0.75948
0.12186  -0.30338  0.29703  2.2567  0.54963  -0.75941
0.12178  -0.30346  0.29677  2.2575  0.54938  -0.75933
0.12171  -0.30354  0.29651  2.2584  0.54915  -0.75926
0.12164  -0.30362  0.29625  2.2592  0.54892  -0.75919
0.12157  -0.3037  0.29599  2.26  0.54869  -0.75912
0.1215  -0.30378  0.29573  2.2609  0.54845  -0.75905
0.12143  -0.30386  0.29547  2.2617  0.54822  -0.75898
0.12136  -0.30393  0.29521  2.2625  0.54801  -0.75891
0.12129  -0.30401  0.29495  2.2634  0.5478  -0.75885
0.12122  -0.30409  0.29469  2.2642  0.54758  -0.75878
0.12116  -0.30417  0.29444  2.265  0.54737  -0.75872
0.12109  -0.30425  0.29418  2.2658  0.54718  -0.75866
0.12103  -0.30433  0.29393  2.2667  0.54698  -0.7586
0.12096  -0.3044  0.29367  2.2675  0.54678  -0.75853
0.12089  -0.30448  0.29341  2.2683  0.54658  -0.75847
0.12083  -0.30456  0.29315  2.2691  0.54639  -0.75841
0.12077  -0.30464  0.29289  2.27  0.54621  -0.75836
0.1207  -0.30472  0.29264  2.2708  0.54603  -0.7583
0.12064  -0.30479  0.29238  2.2716  0.54585  -0.75824
0.12058  -0.30487  0.29213  2.2724  0.54567  -0.75819
0.12052  -0.30495  0.29187  2.2732  0.54551  -0.75814
0.12046  -0.30503  0.29162  2.274  0.54534  -0.75809
0.1204  -0.3051  0.29136  2.2749  0.54517  -0.75803
0.12034  -0.30518  0.2911  2.2757  0.54501  -0.75798
0.12028  -0.30526  0.29085  2.2765  0.54485  -0.75793
0.12022  -0.30534  0.29059  2.2773  0.5447  -0.75788
0.12016  -0.30541  0.29033  2.2781  0.54455  -0.75783
0.12011  -0.30549  0.29008  2.2789  0.5444  -0.75779
0.12005  -0.30557  0.28983  2.2797  0.54426  -0.75774
0.11999  -0.30564  0.28957  2.2805  0.54412  -0.7577
0.11994  -0.30572  0.28932  2.2814  0.54398  -0.75765
0.11988  -0.3058  0.28906  2.2822  0.54385  -0.75761
0.11983  -0.30587  0.28881  2.283  0.54371  -0.75756
0.11977  -0.30595  0.28856  2.2838  0.54358  -0.75752
0.11972  -0.30603  0.2883  2.2846  0.54346  -0.75748
0.11967  -0.3061  0.28805  2.2854  0.54334  -0.75743
0.11962  -0.30618  0.28779  2.2862  0.54322  -0.75739
0.11956  -0.30626  0.28754  2.287  0.54311  -0.75735
0.11951  -0.30633  0.28729  2.2878  0.543  -0.75731
0.11946  -0.30641  0.28703  2.2886  0.54288  -0.75727
0.11941  -0.30649  0.28678  2.2894  0.54277  -0.75723
0.11936  -0.30656  0.28653  2.2902  0.54266  -0.75719
0.11931  -0.30664  0.28627  2.291  0.54256  -0.75716
0.11926  -0.30672  0.28602  2.2918  0.54247  -0.75712
0.11921  -0.30679  0.28576  2.2926  0.54237  -0.75708
0.11917  -0.30687  0.28551  2.2934  0.54227  -0.75704
0.11912  -0.30694  0.28526  2.2942  0.54219  -0.75701
0.11907  -0.30702  0.28501  2.295  0.5421  -0.75697
0.11903  -0.3071  0.28475  2.2958  0.54201  -0.75694
0.11898  -0.30717  0.2845  2.2966  0.54192  -0.7569
0.11893  -0.30725  0.28425  2.2974  0.54184  -0.75686
0.11889  -0.30732  0.28399  2.2982  0.54176  -0.75683
0.11884  -0.3074  0.28374  2.299  0.54168  -0.75679
0.1188  -0.30748  0.28349  2.2998  0.54161  -0.75676
0.11875  -0.30755  0.28324  2.3006  0.54154  -0.75672
0.11871  -0.30763  0.28299  2.3014  0.54147  -0.75669
0.11867  -0.3077  0.28273  2.3022  0.5414  -0.75665
0.11862  -0.30778  0.28248  2.303  0.54133  -0.75662
0.11858  -0.30785  0.28223  2.3038  0.54126  -0.75658
0.11854  -0.30793  0.28197  2.3046  0.5412  -0.75655
0.1185  -0.308  0.28172  2.3054  0.54114  -0.75651
0.11845  -0.30808  0.28147  2.3061  0.54108  -0.75648
0.11841  -0.30816  0.28121  2.3069  0.54103  -0.75644
0.11837  -0.30823  0.28096  2.3077  0.54097  -0.75641
0.11833  -0.30831  0.28071  2.3085  0.54092  -0.75637
0.11829  -0.30838  0.28046  2.3093  0.54087  -0.75634
0.11825  -0.30846  0.28021  2.3101  0.54082  -0.7563
0.11821  -0.30853  0.27995  2.3109  0.54077  -0.75627
0.11817  -0.30861  0.2797  2.3117  0.54073  -0.75623
0.11813  -0.30868  0.27945  2.3125  0.54069  -0.75619
0.1181  -0.30876  0.27919  2.3132  0.54064  -0.75616
0.11806  -0.30883  0.27894  2.314  0.5406  -0.75612
0.11802  -0.30891  0.27869  2.3148  0.54057  -0.75609
0.11798  -0.30898  0.27844  2.3156  0.54053  -0.75605
0.11795  -0.30906  0.27818  2.3164  0.5405  -0.75601
0.11791  -0.30913  0.27793  2.3172  0.54046  -0.75598
0.11787  -0.30921  0.27768  2.318  0.54043  -0.75594
0.11784  -0.30929  0.27742  2.3187  0.5404  -0.75591
0.1178  -0.30936  0.27717  2.3195  0.54037  -0.75587
0.11776  -0.30943  0.27692  2.3203  0.54034  -0.75583
0.11773  -0.30951  0.27667  2.3211  0.54032  -0.7558
0.11769  -0.30958  0.27642  2.3219  0.5403  -0.75576
0.11766  -0.30966  0.27616  2.3226  0.54028  -0.75572
0.11763  -0.30973  0.27591  2.3234  0.54026  -0.75569
0.11759  -0.30981  0.27565  2.3242  0.54024  -0.75565
0.11756  -0.30988  0.2754  2.325  0.54022  -0.75561
0.11752  -0.30996  0.27515  2.3258  0.54021  -0.75558
0.11749  -0.31003  0.27489  2.3266  0.54019  -0.75554
0.11746  -0.31011  0.27464  2.3274  0.54018  -0.7555
0.11743  -0.31018  0.27439  2.3281  0.54017  -0.75546
0.11739  -0.31026  0.27414  2.3289  0.54016  -0.75542
0.11736  -0.31033  0.27388  2.3297  0.54015  -0.75539
0.11733  -0.3104  0.27363  2.3305  0.54014  -0.75535
0.1173  -0.31048  0.27337  2.3313  0.54014  -0.75531
0.11727  -0.31055  0.27312  2.332  0.54013  -0.75527
0.11723  -0.31063  0.27286  2.3328  0.54013  -0.75523
0.1172  -0.3107  0.27261  2.3336  0.54013  -0.7552
0.11717  -0.31077  0.27236  2.3344  0.54012  -0.75516
0.11714  -0.31085  0.2721  2.3352  0.54013  -0.75512
0.11711  -0.31092  0.27185  2.3359  0.54013  -0.75508
0.11708  -0.31099  0.27159  2.3367  0.54013  -0.75504
0.11705  -0.31107  0.27134  2.3375  0.54013  -0.755
0.11702  -0.31114  0.27109  2.3383  0.54014  -0.75496
0.11699  -0.31121  0.27083  2.3391  0.54015  -0.75492
0.11696  -0.31129  0.27057  2.3398  0.54015  -0.75488
0.11694  -0.31136  0.27032  2.3406  0.54016  -0.75485
0.11691  -0.31143  0.27007  2.3414  0.54017  -0.75481
0.11688  -0.31151  0.26981  2.3422  0.54018  -0.75477
0.11685  -0.31158  0.26956  2.3429  0.54019  -0.75473
0.11682  -0.31165  0.2693  2.3437  0.5402  -0.75469
0.11679  -0.31173  0.26905  2.3445  0.54022  -0.75465
0.11677  -0.3118  0.26879  2.3453  0.54023  -0.75461
0.11674  -0.31187  0.26854  2.3461  0.54025  -0.75456
0.11671  -0.31194  0.26828  2.3469  0.54027  -0.75452
0.11669  -0.31202  0.26803  2.3476  0.54028  -0.75448
0.11666  -0.31209  0.26777  2.3484  0.5403  -0.75444
0.11663  -0.31216  0.26752  2.3492  0.54032  -0.7544
0.11661  -0.31223  0.26726  2.35  0.54035  -0.75436
0.11658  -0.3123  0.267  2.3507  0.54037  -0.75432
0.11655  -0.31238  0.26675  2.3515  0.54039  -0.75428
0.11653  -0.31245  0.26649  2.3523  0.54041  -0.75423
0.1165  -0.31252  0.26623  2.3531  0.54044  -0.75419
0.11648  -0.31259  0.26598  2.3538  0.54047  -0.75415
0.11645  -0.31266  0.26572  2.3546  0.54049  -0.75411
0.11643  -0.31274  0.26547  2.3554  0.54052  -0.75406
0.1164  -0.31281  0.26521  2.3562  0.54055  -0.75402
0.11638  -0.31288  0.26496  2.3569  0.54058  -0.75398
0.11635  -0.31295  0.2647  2.3577  0.54061  -0.75394
0.11633  -0.31302  0.26444  2.3585  0.54064  -0.75389
0.11631  -0.31309  0.26419  2.3593  0.54067  -0.75385
0.11628  -0.31317  0.26393  2.3601  0.54071  -0.7538
0.11626  -0.31324  0.26367  2.3608  0.54074  -0.75376
0.11624  -0.31331  0.26342  2.3616  0.54077  -0.75372
0.11621  -0.31338  0.26316  2.3624  0.54081  -0.75368
0.11619  -0.31345  0.2629  2.3631  0.54085  -0.75363
0.11617  -0.31352  0.26265  2.3639  0.54088  -0.75359
0.11614  -0.31359  0.26239  2.3647  0.54092  -0.75354
0.11612  -0.31366  0.26213  2.3655  0.54096  -0.7535
0.1161  -0.31374  0.26187  2.3662  0.541  -0.75345
0.11608  -0.31381  0.26162  2.367  0.54104  -0.75341
0.11605  -0.31388  0.26136  2.3678  0.54108  -0.75337
0.11603  -0.31395  0.26111  2.3686  0.54112  -0.75332
0.11601  -0.31402  0.26085  2.3693  0.54116  -0.75328
0.11599  -0.31409  0.26059  2.3701  0.54121  -0.75323
0.11597  -0.31416  0.26033  2.3709  0.54125  -0.75319
0.11594  -0.31423  0.26008  2.3717  0.54129  -0.75314
0.11592  -0.3143  0.25982  2.3724  0.54134  -0.7531
0.1159  -0.31437  0.25956  2.3732  0.54139  -0.75305
0.11588  -0.31444  0.2593  2.374  0.54143  -0.75301
0.11586  -0.31451  0.25905  2.3747  0.54148  -0.75296
0.11584  -0.31458  0.25879  2.3755  0.54153  -0.75292
0.11582  -0.31465  0.25853  2.3763  0.54158  -0.75288
0.1158  -0.31472  0.25827  2.377  0.54163  -0.75283
0.11578  -0.3148  0.25801  2.3778  0.54167  -0.75279
0.11576  -0.31487  0.25776  2.3786  0.54173  -0.75274
0.11574  -0.31494  0.2575  2.3794  0.54178  -0.7527
0.11572  -0.31501  0.25724  2.3801  0.54183  -0.75265
0.1157  -0.31508  0.25698  2.3809  0.54188  -0.75261
0.11568  -0.31515  0.25673  2.3817  0.54193  -0.75256
0.11566  -0.31522  0.25647  2.3824  0.54199  -0.75252
0.11564  -0.31529  0.25621  2.3832  0.54204  -0.75247
0.11562  -0.31536  0.25595  2.384  0.54209  -0.75243
0.1156  -0.31543  0.25569  2.3847  0.54215  -0.75238
0.11558  -0.3155  0.25544  2.3855  0.5422  -0.75234
0.11556  -0.31557  0.25518  2.3863  0.54226  -0.75229
0.11554  -0.31564  0.25492  2.387  0.54232  -0.75225
0.11552  -0.31571  0.25466  2.3878  0.54237  -0.75221
0.1155  -0.31578  0.2544  2.3885  0.54243  -0.75216
0.11548  -0.31585  0.25415  2.3893  0.54249  -0.75212
0.11546  -0.31592  0.25389  2.3901  0.54255  -0.75207
0.11544  -0.31599  0.25363  2.3908  0.5426  -0.75203
0.11543  -0.31607  0.25337  2.3916  0.54266  -0.75198
0.11541  -0.31614  0.25311  2.3923  0.54272  -0.75194
0.11539  -0.31621  0.25285  2.3931  0.54278  -0.7519
0.11537  -0.31628  0.25259  2.3939  0.54284  -0.75185
0.11535  -0.31635  0.25234  2.3946  0.5429  -0.75181
0.11533  -0.31642  0.25208  2.3954  0.54297  -0.75176
0.11532  -0.31649  0.25182  2.3961  0.54303  -0.75172
0.1153  -0.31656  0.25156  2.3969  0.54309  -0.75168
0.11528  -0.31663  0.2513  2.3976  0.54315  -0.75163
0.11526  -0.3167  0.25104  2.3984  0.54321  -0.75159
0.11525  -0.31677  0.25078  2.3992  0.54328  -0.75154
0.11523  -0.31684  0.25052  2.3999  0.54334  -0.7515
0.11521  -0.31691  0.25027  2.4007  0.5434  -0.75145
0.11519  -0.31698  0.25001  2.4014  0.54347  -0.75141
0.11518  -0.31705  0.24975  2.4022  0.54353  -0.75137
0.11516  -0.31712  0.24949  2.4029  0.5436  -0.75132
0.11514  -0.31719  0.24923  2.4037  0.54366  -0.75128
0.11512  -0.31726  0.24897  2.4044  0.54373  -0.75123
0.11511  -0.31733  0.24871  2.4052  0.5438  -0.75119
0.11509  -0.3174  0.24845  2.406  0.54386  -0.75114
0.11507  -0.31747  0.24819  2.4067  0.54393  -0.7511
0.11506  -0.31754  0.24793  2.4075  0.544  -0.75106
0.11504  -0.31761  0.24768  2.4082  0.54407  -0.75101
0.11502  -0.31768  0.24742  2.4089  0.54413  -0.75097
0.11501  -0.31775  0.24716  2.4097  0.5442  -0.75093
0.11499  -0.31781  0.2469  2.4105  0.54427  -0.75088
0.11497  -0.31788  0.24664  2.4112  0.54434  -0.75084
0.11496  -0.31795  0.24638  2.4119  0.54441  -0.75079
0.11494  -0.31802  0.24612  2.4127  0.54448  -0.75075
0.11493  -0.31809  0.24586  2.4134  0.54455  -0.75071
0.11491  -0.31816  0.2456  2.4142  0.54462  -0.75066
0.11489  -0.31822  0.24534  2.4149  0.54469  -0.75062
0.11488  -0.31829  0.24508  2.4157  0.54476  -0.75058
0.11486  -0.31836  0.24482  2.4164  0.54483  -0.75053
0.11485  -0.31842  0.24456  2.4172  0.5449  -0.75049
0.11483  -0.31849  0.24429  2.4179  0.54497  -0.75045
0.11482  -0.31856  0.24403  2.4187  0.54504  -0.7504
0.1148  -0.31863  0.24377  2.4194  0.54511  -0.75036
0.11479  -0.31869  0.24351  2.4202  0.54519  -0.75031
0.11477  -0.31876  0.24325  2.4209  0.54526  -0.75027
0.11476  -0.31882  0.24299  2.4216  0.54533  -0.75023
0.11474  -0.31889  0.24273  2.4224  0.5454  -0.75018
0.11473  -0.31895  0.24247  2.4231  0.54548  -0.75014
0.11471  -0.31902  0.24221  2.4239  0.54555  -0.7501
0.1147  -0.31908  0.24195  2.4246  0.54562  -0.75005
0.11468  -0.31915  0.24169  2.4254  0.5457  -0.75001
0.11467  -0.31921  0.24143  2.4261  0.54577  -0.74997
0.11465  -0.31928  0.24117  2.4268  0.54584  -0.74992
0.11464  -0.31934  0.24091  2.4276  0.54592  -0.74988
0.11462  -0.3194  0.24064  2.4283  0.54599  -0.74984
0.11461  -0.31947  0.24038  2.429  0.54607  -0.74979
0.1146  -0.31953  0.24012  2.4298  0.54614  -0.74975
0.11458  -0.31959  0.23986  2.4305  0.54622  -0.74971
0.11457  -0.31966  0.2396  2.4313  0.54629  -0.74967
0.11455  -0.31972  0.23933  2.432  0.54637  -0.74962
0.11454  -0.31978  0.23907  2.4327  0.54645  -0.74958
0.11453  -0.31984  0.23881  2.4335  0.54652  -0.74954
0.11451  -0.31991  0.23855  2.4342  0.5466  -0.7495
0.1145  -0.31997  0.23829  2.4349  0.54668  -0.74945
0.11449  -0.32003  0.23803  2.4357  0.54675  -0.74941
0.11447  -0.32009  0.23777  2.4364  0.54683  -0.74937
0.11446  -0.32015  0.23751  2.4371  0.54691  -0.74932
0.11445  -0.32021  0.23724  2.4379  0.54698  -0.74928
0.11443  -0.32027  0.23698  2.4386  0.54706  -0.74924
0.11442  -0.32033  0.23672  2.4393  0.54714  -0.7492
0.11441  -0.32039  0.23646  2.4401  0.54722  -0.74916
0.11439  -0.32045  0.2362  2.4408  0.54729  -0.74911
0.11438  -0.32051  0.23594  2.4415  0.54737  -0.74907
0.11437  -0.32057  0.23568  2.4423  0.54745  -0.74903
0.11436  -0.32063  0.23541  2.443  0.54753  -0.74899
0.11434  -0.32069  0.23515  2.4437  0.54761  -0.74894
0.11433  -0.32075  0.23489  2.4444  0.54768  -0.7489
0.11432  -0.32081  0.23463  2.4452  0.54776  -0.74886
0.11431  -0.32086  0.23437  2.4459  0.54784  -0.74882
0.11429  -0.32092  0.23411  2.4466  0.54792  -0.74878
0.11428  -0.32098  0.23385  2.4473  0.548  -0.74874
0.11427  -0.32103  0.23359  2.4481  0.54808  -0.74869
0.11426  -0.32109  0.23332  2.4488  0.54816  -0.74865
0.11425  -0.32115  0.23306  2.4495  0.54824  -0.74861
0.11423  -0.32121  0.2328  2.4502  0.54832  -0.74857
0.11422  -0.32126  0.23254  2.451  0.5484  -0.74853
0.11421  -0.32132  0.23228  2.4517  0.54847  -0.74849
0.1142  -0.32137  0.23202  2.4524  0.54855  -0.74845
0.11419  -0.32143  0.23176  2.4531  0.54863  -0.74841
0.11418  -0.32148  0.2315  2.4538  0.54871  -0.74837
0.11416  -0.32154  0.23124  2.4546  0.54879  -0.74833
0.11415  -0.32159  0.23097  2.4553  0.54887  -0.74829
0.11414  -0.32165  0.23071  2.456  0.54895  -0.74825
0.11413  -0.3217  0.23045  2.4567  0.54903  -0.74821
0.11412  -0.32176  0.23019  2.4574  0.54911  -0.74817
0.11411  -0.32181  0.22993  2.4581  0.54919  -0.74813
0.1141  -0.32186  0.22967  2.4588  0.54927  -0.74809
0.11408  -0.32191  0.22941  2.4596  0.54935  -0.74805
0.11407  -0.32197  0.22915  2.4603  0.54943  -0.74801
0.11406  -0.32202  0.22889  2.461  0.54952  -0.74797
0.11405  -0.32208  0.22863  2.4617  0.5496  -0.74793
0.11404  -0.32213  0.22837  2.4624  0.54968  -0.74789
0.11403  -0.32218  0.22811  2.4631  0.54976  -0.74785
0.11402  -0.32223  0.22785  2.4638  0.54984  -0.74781
0.11401  -0.32228  0.22759  2.4645  0.54992  -0.74777
0.114  -0.32233  0.22733  2.4652  0.55  -0.74773
0.11399  -0.32239  0.22707  2.4659  0.55008  -0.74769
0.11398  -0.32244  0.22681  2.4666  0.55016  -0.74765
0.11397  -0.32249  0.22655  2.4673  0.55024  -0.74762
0.11395  -0.32254  0.22629  2.468  0.55032  -0.74758
0.11394  -0.32259  0.22603  2.4687  0.5504  -0.74754
0.11393  -0.32264  0.22577  2.4695  0.55048  -0.7475
0.11392  -0.32269  0.22551  2.4702  0.55056  -0.74746
0.11391  -0.32274  0.22526  2.4708  0.55065  -0.74742
0.1139  -0.32279  0.225  2.4715  0.55073  -0.74738
0.11389  -0.32284  0.22474  2.4722  0.55081  -0.74735
0.11388  -0.32289  0.22448  2.4729  0.55089  -0.74731
0.11387  -0.32294  0.22422  2.4736  0.55097  -0.74727
0.11386  -0.32299  0.22396  2.4743  0.55105  -0.74723
0.11385  -0.32304  0.22371  2.475  0.55113  -0.74719
0.11384  -0.32309  0.22345  2.4757  0.55121  -0.74715
0.11383  -0.32314  0.22319  2.4764  0.55129  -0.74712
0.11382  -0.32319  0.22293  2.4771  0.55137  -0.74708
0.11381  -0.32324  0.22268  2.4778  0.55145  -0.74704
0.1138  -0.32329  0.22242  2.4785  0.55154  -0.747
0.11379  -0.32334  0.22216  2.4792  0.55162  -0.74696
0.11378  -0.32339  0.2219  2.4799  0.5517  -0.74693
0.11377  -0.32343  0.22165  2.4806  0.55178  -0.74689
0.11376  -0.32348  0.22139  2.4812  0.55186  -0.74685
0.11375  -0.32353  0.22113  2.4819  0.55194  -0.74681
0.11374  -0.32358  0.22088  2.4826  0.55202  -0.74677
0.11373  -0.32363  0.22062  2.4833  0.5521  -0.74674
0.11372  -0.32367  0.22037  2.484  0.55218  -0.7467
0.11371  -0.32372  0.22011  2.4846  0.55226  -0.74666
0.1137  -0.32377  0.21985  2.4853  0.55234  -0.74662
0.1137  -0.32382  0.2196  2.486  0.55242  -0.74659
0.11369  -0.32386  0.21934  2.4867  0.55251  -0.74655
0.11368  -0.32391  0.21908  2.4874  0.55259  -0.74651
0.11367  -0.32396  0.21883  2.4881  0.55267  -0.74647
0.11366  -0.32401  0.21857  2.4887  0.55275  -0.74643
0.11365  -0.32405  0.21832  2.4894  0.55283  -0.74639
0.11364  -0.3241  0.21806  2.4901  0.55291  -0.74636
0.11363  -0.32414  0.2178  2.4908  0.55299  -0.74632
0.11362  -0.32419  0.21755  2.4914  0.55307  -0.74628
0.11361  -0.32424  0.21729  2.4921  0.55315  -0.74624
0.1136  -0.32428  0.21704  2.4928  0.55323  -0.7462
0.11359  -0.32433  0.21678  2.4934  0.55331  -0.74616
0.11358  -0.32438  0.21653  2.4941  0.55339  -0.74613
0.11357  -0.32442  0.21628  2.4948  0.55347  -0.74609
0.11357  -0.32447  0.21602  2.4954  0.55355  -0.74605
0.11356  -0.32451  0.21577  2.4961  0.55363  -0.74601
0.11355  -0.32456  0.21551  2.4968  0.55371  -0.74597
0.11354  -0.3246  0.21526  2.4975  0.55379  -0.74593
0.11353  -0.32465  0.215  2.4981  0.55387  -0.7459
0.11352  -0.32469  0.21475  2.4988  0.55395  -0.74586
0.11351  -0.32474  0.2145  2.4994  0.55403  -0.74582
0.1135  -0.32478  0.21425  2.5001  0.55411  -0.74578
0.11349  -0.32483  0.21399  2.5008  0.55419  -0.74574
0.11349  -0.32487  0.21374  2.5014  0.55427  -0.74571
0.11348  -0.32492  0.21349  2.5021  0.55435  -0.74567
0.11347  -0.32496  0.21323  2.5028  0.55443  -0.74563
0.11346  -0.32501  0.21298  2.5034  0.55451  -0.74559
0.11345  -0.32505  0.21273  2.5041  0.55459  -0.74555
0.11344  -0.3251  0.21247  2.5047  0.55467  -0.74552
0.11344  -0.32514  0.21222  2.5054  0.55475  -0.74548
0.11343  -0.32518  0.21197  2.506  0.55483  -0.74544
0.11342  -0.32523  0.21172  2.5067  0.55491  -0.7454
0.11341  -0.32527  0.21147  2.5073  0.55499  -0.74536
0.1134  -0.32531  0.21122  2.508  0.55507  -0.74532
0.1134  -0.32536  0.21097  2.5086  0.55515  -0.74529
0.11339  -0.3254  0.21071  2.5093  0.55523  -0.74525
0.11338  -0.32544  0.21046  2.5099  0.55531  -0.74521
0.11337  -0.32549  0.21021  2.5106  0.55539  -0.74517
0.11337  -0.32553  0.20996  2.5112  0.55547  -0.74513
0.11336  -0.32557  0.20971  2.5119  0.55555  -0.7451
0.11335  -0.32561  0.20946  2.5125  0.55563  -0.74506
0.11334  -0.32566  0.20921  2.5132  0.55571  -0.74502
0.11334  -0.3257  0.20896  2.5138  0.55579  -0.74498
0.11333  -0.32574  0.20871  2.5145  0.55587  -0.74494
0.11332  -0.32578  0.20846  2.5151  0.55595  -0.74491
0.11332  -0.32582  0.20821  2.5158  0.55603  -0.74487
0.11331  -0.32587  0.20796  2.5164  0.55611  -0.74483
0.1133  -0.32591  0.20772  2.517  0.55619  -0.74479
0.1133  -0.32595  0.20747  2.5177  0.55627  -0.74475
0.11329  -0.32599  0.20722  2.5183  0.55635  -0.74472
0.11328  -0.32603  0.20697  2.5189  0.55644  -0.74468
0.11328  -0.32607  0.20672  2.5196  0.55652  -0.74464
0.11327  -0.32611  0.20648  2.5202  0.5566  -0.7446
0.11327  -0.32616  0.20623  2.5209  0.55668  -0.74457
0.11326  -0.3262  0.20598  2.5215  0.55676  -0.74453
0.11326  -0.32624  0.20573  2.5221  0.55684  -0.74449
0.11325  -0.32628  0.20549  2.5227  0.55692  -0.74445
0.11324  -0.32632  0.20524  2.5234  0.557  -0.74442
0.11324  -0.32636  0.205  2.524  0.55708  -0.74438
0.11323  -0.3264  0.20475  2.5246  0.55716  -0.74434
0.11323  -0.32644  0.2045  2.5253  0.55724  -0.74431
0.11322  -0.32648  0.20426  2.5259  0.55733  -0.74427
0.11322  -0.32652  0.20401  2.5265  0.55741  -0.74424
0.11322  -0.32656  0.20377  2.5271  0.55749  -0.7442
0.11321  -0.3266  0.20352  2.5278  0.55757  -0.74416
0.11321  -0.32664  0.20328  2.5284  0.55765  -0.74413
0.1132  -0.32668  0.20304  2.529  0.55773  -0.74409
0.1132  -0.32672  0.20279  2.5296  0.55781  -0.74406
0.1132  -0.32676  0.20255  2.5302  0.5579  -0.74402
0.11319  -0.3268  0.2023  2.5309  0.55798  -0.74399
0.11319  -0.32684  0.20206  2.5315  0.55806  -0.74396
0.11319  -0.32687  0.20181  2.5321  0.55814  -0.74393
0.11318  -0.32691  0.20157  2.5327  0.55823  -0.74389
0.11318  -0.32695  0.20133  2.5333  0.55831  -0.74386
0.11318  -0.32699  0.20109  2.5339  0.55839  -0.74383
0.11318  -0.32703  0.20085  2.5346  0.55847  -0.7438
0.11318  -0.32707  0.2006  2.5352  0.55855  -0.74377
0.11317  -0.32711  0.20036  2.5358  0.55864  -0.74373
0.11317  -0.32714  0.20012  2.5364  0.55872  -0.74371
0.11317  -0.32718  0.19988  2.537  0.55881  -0.74368
0.11317  -0.32722  0.19964  2.5376  0.55889  -0.74365
0.11317  -0.32726  0.1994  2.5382  0.55897  -0.74362
0.11317  -0.32729  0.19916  2.5388  0.55905  -0.74359
0.11317  -0.32733  0.19892  2.5394  0.55914  -0.74356
0.11317  -0.32737  0.19868  2.5401  0.55922  -0.74354
0.11317  -0.32741  0.19844  2.5407  0.55931  -0.74351
0.11317  -0.32744  0.1982  2.5413  0.55939  -0.74349
0.11317  -0.32748  0.19796  2.5419  0.55948  -0.74346
0.11317  -0.32752  0.19772  2.5425  0.55956  -0.74344
0.11317  -0.32755  0.19748  2.5431  0.55965  -0.74341
0.11317  -0.32759  0.19725  2.5437  0.55973  -0.74339
0.11317  -0.32763  0.19701  2.5443  0.55982  -0.74337
0.11317  -0.32766  0.19677  2.5449  0.55991  -0.74335
0.11318  -0.3277  0.19653  2.5455  0.55999  -0.74333
0.11318  -0.32773  0.1963  2.5461  0.56008  -0.74331
0.11318  -0.32777  0.19606  2.5467  0.56017  -0.74329
0.11318  -0.32781  0.19582  2.5473  0.56025  -0.74327
0.11319  -0.32784  0.19559  2.5479  0.56034  -0.74325
0.11319  -0.32788  0.19535  2.5485  0.56043  -0.74324
0.11319  -0.32791  0.19512  2.5491  0.56051  -0.74322
0.1132  -0.32795  0.19489  2.5496  0.5606  -0.7432
0.1132  -0.32798  0.19465  2.5502  0.56069  -0.74319
0.1132  -0.32802  0.19442  2.5508  0.56078  -0.74317
0.11321  -0.32805  0.19418  2.5514  0.56087  -0.74316
0.11321  -0.32809  0.19395  2.552  0.56095  -0.74315
0.11322  -0.32812  0.19371  2.5526  0.56104  -0.74314
0.11322  -0.32816  0.19348  2.5532  0.56113  -0.74313
0.11323  -0.32819  0.19325  2.5538  0.56122  -0.74312
0.11324  -0.32822  0.19302  2.5544  0.56131  -0.74311
0.11324  -0.32826  0.19279  2.5549  0.5614  -0.7431
0.11325  -0.32829  0.19255  2.5555  0.56149  -0.74309
0.11326  -0.32833  0.19232  2.5561  0.56158  -0.74309
0.11326  -0.32836  0.19209  2.5567  0.56167  -0.74308
0.11327  -0.32839  0.19186  2.5573  0.56176  -0.74308
0.11328  -0.32843  0.19163  2.5579  0.56186  -0.74308
0.11329  -0.32846  0.1914  2.5585  0.56195  -0.74307
0.11329  -0.32849  0.19117  2.559  0.56204  -0.74307
0.1133  -0.32853  0.19095  2.5596  0.56213  -0.74307
0.11331  -0.32856  0.19072  2.5602  0.56222  -0.74307
0.11332  -0.32859  0.19049  2.5608  0.56231  -0.74307
0.11333  -0.32862  0.19026  2.5613  0.5624  -0.74307
0.11334  -0.32866  0.19003  2.5619  0.5625  -0.74307
0.11335  -0.32869  0.1898  2.5625  0.56259  -0.74308
0.11336  -0.32872  0.18958  2.5631  0.56268  -0.74309
0.11337  -0.32875  0.18935  2.5636  0.56278  -0.74309
0.11338  -0.32878  0.18912  2.5642  0.56287  -0.7431
0.11339  -0.32882  0.1889  2.5648  0.56296  -0.7431
0.11341  -0.32885  0.18867  2.5654  0.56306  -0.74311
0.11342  -0.32888  0.18845  2.5659  0.56315  -0.74312
0.11343  -0.32891  0.18822  2.5665  0.56325  -0.74313
0.11344  -0.32894  0.188  2.5671  0.56334  -0.74314
0.11346  -0.32897  0.18777  2.5676  0.56344  -0.74316
0.11347  -0.329  0.18755  2.5682  0.56353  -0.74317
0.11348  -0.32903  0.18733  2.5688  0.56363  -0.74319
0.1135  -0.32906  0.1871  2.5693  0.56372  -0.7432
0.11351  -0.32909  0.18688  2.5699  0.56382  -0.74322
0.11353  -0.32912  0.18666  2.5705  0.56392  -0.74324
0.11354  -0.32915  0.18644  2.571  0.56401  -0.74326
0.11356  -0.32918  0.18621  2.5716  0.56411  -0.74328
0.11357  -0.32921  0.18599  2.5722  0.56421  -0.7433
0.11359  -0.32924  0.18577  2.5727  0.56431  -0.74333
0.11361  -0.32927  0.18555  2.5733  0.5644  -0.74335
0.11362  -0.3293  0.18533  2.5738  0.5645  -0.74338
0.11364  -0.32933  0.18511  2.5744  0.5646  -0.7434
0.11366  -0.32936  0.18489  2.575  0.5647  -0.74343
0.11367  -0.32939  0.18467  2.5755  0.5648  -0.74346
0.11369  -0.32942  0.18445  2.5761  0.5649  -0.74349
0.11371  -0.32945  0.18424  2.5766  0.565  -0.74352
0.11373  -0.32948  0.18402  2.5772  0.5651  -0.74355
0.11375  -0.32951  0.1838  2.5777  0.5652  -0.74359
0.11376  -0.32954  0.18358  2.5783  0.5653  -0.74362
0.11378  -0.32957  0.18337  2.5788  0.5654  -0.74365
0.1138  -0.32959  0.18315  2.5794  0.5655  -0.74369
0.11382  -0.32962  0.18293  2.5799  0.5656  -0.74373
0.11384  -0.32965  0.18272  2.5805  0.5657  -0.74377
0.11386  -0.32968  0.1825  2.5811  0.5658  -0.74381
0.11388  -0.32971  0.18229  2.5816  0.5659  -0.74385
0.11391  -0.32974  0.18207  2.5822  0.566  -0.74389
0.11393  -0.32976  0.18186  2.5827  0.56611  -0.74393
0.11395  -0.32979  0.18164  2.5832  0.56621  -0.74398
0.11397  -0.32982  0.18143  2.5838  0.56631  -0.74402
0.11399  -0.32985  0.18122  2.5843  0.56641  -0.74407
0.11401  -0.32988  0.18101  2.5849  0.56651  -0.74412
0.11404  -0.3299  0.18079  2.5854  0.56662  -0.74416
0.11406  -0.32993  0.18058  2.586  0.56672  -0.74421
0.11408  -0.32996  0.18037  2.5865  0.56682  -0.74426
0.11411  -0.32999  0.18016  2.587  0.56693  -0.74432
0.11413  -0.33002  0.17995  2.5876  0.56703  -0.74437
0.11416  -0.33004  0.17974  2.5881  0.56713  -0.74442
0.11418  -0.33007  0.17953  2.5886  0.56724  -0.74447
0.1142  -0.3301  0.17932  2.5892  0.56734  -0.74453
0.11423  -0.33013  0.17911  2.5897  0.56745  -0.74459
0.11425  -0.33016  0.1789  2.5902  0.56755  -0.74464
0.11428  -0.33019  0.17869  2.5908  0.56766  -0.7447
0.11431  -0.33021  0.17849  2.5913  0.56776  -0.74476
0.11433  -0.33024  0.17828  2.5918  0.56787  -0.74482
0.11436  -0.33027  0.17807  2.5924  0.56797  -0.74488
0.11438  -0.3303  0.17787  2.5929  0.56808  -0.74495
0.11441  -0.33033  0.17766  2.5934  0.56818  -0.74501
0.11444  -0.33036  0.17746  2.5939  0.56829  -0.74507
0.11446  -0.33038  0.17725  2.5945  0.56839  -0.74514
0.11449  -0.33041  0.17705  2.595  0.5685  -0.7452
0.11452  -0.33044  0.17684  2.5955  0.56861  -0.74527
0.11455  -0.33047  0.17664  2.596  0.56871  -0.74534
0.11457  -0.3305  0.17643  2.5965  0.56882  -0.74541
0.1146  -0.33053  0.17623  2.597  0.56892  -0.74548
0.11463  -0.33056  0.17603  2.5976  0.56903  -0.74555
0.11466  -0.33059  0.17583  2.5981  0.56914  -0.74563
0.11469  -0.33062  0.17563  2.5986  0.56924  -0.7457
0.11472  -0.33065  0.17542  2.5991  0.56935  -0.74577
0.11475  -0.33068  0.17522  2.5996  0.56946  -0.74585
0.11478  -0.33071  0.17502  2.6001  0.56956  -0.74593
0.11481  -0.33074  0.17482  2.6006  0.56967  -0.746
0.11484  -0.33077  0.17462  2.6011  0.56978  -0.74608
0.11487  -0.3308  0.17443  2.6016  0.56988  -0.74616
0.1149  -0.33083  0.17423  2.6021  0.56999  -0.74624
0.11493  -0.33086  0.17403  2.6026  0.5701  -0.74632
0.11496  -0.33089  0.17383  2.6031  0.57021  -0.7464
0.11499  -0.33092  0.17364  2.6036  0.57031  -0.74649
0.11502  -0.33095  0.17344  2.6041  0.57042  -0.74657
0.11505  -0.33098  0.17324  2.6046  0.57053  -0.74666
0.11508  -0.33101  0.17305  2.6051  0.57064  -0.74674
0.11512  -0.33104  0.17285  2.6056  0.57074  -0.74683
0.11515  -0.33108  0.17266  2.6061  0.57085  -0.74692
0.11518  -0.33111  0.17247  2.6066  0.57096  -0.74701
0.11521  -0.33114  0.17227  2.6071  0.57107  -0.7471
0.11524  -0.33117  0.17208  2.6075  0.57118  -0.74719
0.11528  -0.33121  0.17188  2.608  0.57128  -0.74728
0.11531  -0.33124  0.17169  2.6085  0.57139  -0.74737
0.11534  -0.33127  0.1715  2.609  0.5715  -0.74747
0.11538  -0.33131  0.17131  2.6095  0.57161  -0.74756
0.11541  -0.33134  0.17112  2.6099  0.57171  -0.74766
0.11544  -0.33137  0.17093  2.6104  0.57182  -0.74775
0.11548  -0.33141  0.17074  2.6109  0.57193  -0.74785
0.11551  -0.33144  0.17055  2.6114  0.57204  -0.74795
0.11555  -0.33148  0.17036  2.6118  0.57215  -0.74805
0.11558  -0.33151  0.17017  2.6123  0.57226  -0.74815
0.11562  -0.33155  0.16998  2.6128  0.57236  -0.74825
0.11565  -0.33159  0.16979  2.6132  0.57247  -0.74835
0.11569  -0.33162  0.16961  2.6137  0.57258  -0.74845
0.11572  -0.33166  0.16942  2.6141  0.57269  -0.74856
0.11576  -0.33169  0.16924  2.6146  0.57279  -0.74866
0.11579  -0.33173  0.16905  2.6151  0.5729  -0.74876
0.11583  -0.33177  0.16886  2.6155  0.57301  -0.74887
0.11586  -0.33181  0.16868  2.616  0.57312  -0.74898
0.1159  -0.33184  0.1685  2.6164  0.57323  -0.74908
0.11594  -0.33188  0.16831  2.6169  0.57333  -0.74919
0.11597  -0.33192  0.16813  2.6173  0.57344  -0.7493
0.11601  -0.33196  0.16795  2.6178  0.57355  -0.74941
0.11604  -0.332  0.16776  2.6182  0.57366  -0.74952
0.11608  -0.33204  0.16758  2.6186  0.57376  -0.74963
0.11612  -0.33208  0.1674  2.6191  0.57387  -0.74974
0.11616  -0.33212  0.16722  2.6195  0.57398  -0.74986
0.11619  -0.33216  0.16704  2.62  0.57409  -0.74997
0.11623  -0.3322  0.16686  2.6204  0.57419  -0.75008
0.11627  -0.33224  0.16668  2.6208  0.5743  -0.7502
0.11631  -0.33228  0.1665  2.6213  0.57441  -0.75031
0.11634  -0.33232  0.16632  2.6217  0.57452  -0.75043
0.11638  -0.33236  0.16615  2.6221  0.57462  -0.75054
0.11642  -0.3324  0.16597  2.6225  0.57473  -0.75066
0.11646  -0.33245  0.16579  2.623  0.57484  -0.75078
0.1165  -0.33249  0.16562  2.6234  0.57494  -0.7509
0.11653  -0.33253  0.16544  2.6238  0.57505  -0.75102
0.11657  -0.33258  0.16527  2.6242  0.57516  -0.75114
0.11661  -0.33262  0.16509  2.6246  0.57527  -0.75126
0.11665  -0.33266  0.16492  2.625  0.57537  -0.75138
0.11669  -0.33271  0.16474  2.6255  0.57548  -0.7515
0.11673  -0.33275  0.16457  2.6259  0.57558  -0.75162
0.11677  -0.3328  0.1644  2.6263  0.57569  -0.75175
0.11681  -0.33284  0.16423  2.6267  0.5758  -0.75187
0.11685  -0.33289  0.16405  2.6271  0.5759  -0.752
0.11688  -0.33293  0.16388  2.6275  0.57601  -0.75212
0.11692  -0.33298  0.16371  2.6279  0.57612  -0.75225
0.11696  -0.33303  0.16354  2.6283  0.57622  -0.75237
0.117  -0.33307  0.16337  2.6287  0.57633  -0.7525
0.11704  -0.33312  0.16321  2.6291  0.57643  -0.75263
0.11708  -0.33316  0.16304  2.6295  0.57654  -0.75275
0.11712  -0.33321  0.16287  2.6298  0.57665  -0.75288
0.11716  -0.33326  0.1627  2.6302  0.57675  -0.75301
0.1172  -0.33331  0.16253  2.6306  0.57686  -0.75314
0.11725  -0.33336  0.16237  2.631  0.57696  -0.75327
0.11729  -0.3334  0.1622  2.6314  0.57707  -0.7534
0.11733  -0.33345  0.16203  2.6318  0.57717  -0.75353
0.11737  -0.3335  0.16187  2.6321  0.57728  -0.75366
0.11741  -0.33355  0.16171  2.6325  0.57738  -0.75379
0.11745  -0.3336  0.16154  2.6329  0.57749  -0.75392
0.11749  -0.33365  0.16138  2.6333  0.57759  -0.75406
0.11753  -0.3337  0.16121  2.6336  0.5777  -0.75419
0.11757  -0.33375  0.16105  2.634  0.5778  -0.75432
0.11762  -0.3338  0.16089  2.6344  0.57791  -0.75446
0.11766  -0.33385  0.16073  2.6348  0.57801  -0.75459
0.1177  -0.3339  0.16056  2.6351  0.57812  -0.75473
0.11774  -0.33395  0.1604  2.6355  0.57822  -0.75486
0.11778  -0.334  0.16024  2.6358  0.57833  -0.755
0.11782  -0.33405  0.16008  2.6362  0.57843  -0.75514
0.11787  -0.3341  0.15992  2.6366  0.57854  -0.75527
0.11791  -0.33415  0.15976  2.6369  0.57864  -0.75541
0.11795  -0.3342  0.15961  2.6373  0.57874  -0.75555
0.11799  -0.33425  0.15945  2.6376  0.57885  -0.75569
0.11803  -0.33431  0.15929  2.638  0.57895  -0.75583
0.11808  -0.33436  0.15913  2.6383  0.57906  -0.75596
0.11812  -0.33441  0.15898  2.6387  0.57916  -0.7561
0.11816  -0.33446  0.15882  2.639  0.57926  -0.75624
0.1182  -0.33451  0.15867  2.6394  0.57937  -0.75638
0.11825  -0.33457  0.15851  2.6397  0.57947  -0.75652
0.11829  -0.33462  0.15835  2.64  0.57957  -0.75666
0.11833  -0.33467  0.1582  2.6404  0.57967  -0.75681
0.11838  -0.33473  0.15805  2.6407  0.57978  -0.75695
0.11842  -0.33478  0.15789  2.6411  0.57988  -0.75709
0.11846  -0.33483  0.15774  2.6414  0.57998  -0.75723
0.11851  -0.33488  0.15759  2.6417  0.58009  -0.75737
0.11855  -0.33494  0.15744  2.6421  0.58019  -0.75752
0.11859  -0.33499  0.15728  2.6424  0.58029  -0.75766
0.11863  -0.33505  0.15713  2.6427  0.58039  -0.7578
0.11868  -0.3351  0.15698  2.6431  0.58049  -0.75795
0.11872  -0.33516  0.15683  2.6434  0.5806  -0.75809
0.11877  -0.33521  0.15668  2.6437  0.5807  -0.75824
0.11881  -0.33526  0.15653  2.644  0.5808  -0.75838
0.11885  -0.33532  0.15638  2.6443  0.5809  -0.75853
0.1189  -0.33537  0.15623  2.6447  0.581  -0.75867
0.11894  -0.33543  0.15609  2.645  0.58111  -0.75882
0.11898  -0.33548  0.15594  2.6453  0.58121  -0.75896
0.11903  -0.33553  0.15579  2.6456  0.58131  -0.75911
0.11907  -0.33559  0.15564  2.6459  0.58141  -0.75926
0.11912  -0.33564  0.1555  2.6463  0.58151  -0.7594
0.11916  -0.3357  0.15535  2.6466  0.58161  -0.75955
0.1192  -0.33575  0.1552  2.6469  0.58171  -0.7597
0.11925  -0.33581  0.15506  2.6472  0.58181  -0.75984
0.11929  -0.33586  0.15492  2.6475  0.58191  -0.75999
0.11934  -0.33592  0.15477  2.6478  0.58201  -0.76014
0.11938  -0.33597  0.15462  2.6481  0.58212  -0.76029
0.11943  -0.33603  0.15448  2.6484  0.58222  -0.76044
0.11947  -0.33608  0.15434  2.6487  0.58232  -0.76059
0.11952  -0.33614  0.15419  2.649  0.58242  -0.76074
0.11956  -0.33619  0.15405  2.6493  0.58252  -0.76089
0.11961  -0.33625  0.15391  2.6496  0.58262  -0.76103
0.11965  -0.3363  0.15377  2.6499  0.58272  -0.76118
0.1197  -0.33636  0.15363  2.6502  0.58282  -0.76133
0.11974  -0.33641  0.15349  2.6505  0.58292  -0.76148
0.11979  -0.33647  0.15335  2.6508  0.58302  -0.76164
0.11983  -0.33652  0.15321  2.6511  0.58312  -0.76179
0.11988  -0.33658  0.15307  2.6514  0.58322  -0.76194
0.11992  -0.33663  0.15293  2.6517  0.58331  -0.76209
0.11997  -0.33669  0.15279  2.652  0.58341  -0.76224
0.12001  -0.33674  0.15265  2.6523  0.58351  -0.76239
0.12006  -0.3368  0.15251  2.6526  0.58361  -0.76254
0.1201  -0.33685  0.15237  2.6529  0.58371  -0.7627
0.12015  -0.33691  0.15224  2.6531  0.58381  -0.76285
0.1202  -0.33696  0.1521  2.6534  0.58391  -0.763
0.12024  -0.33702  0.15196  2.6537  0.58401  -0.76316
0.12029  -0.33707  0.15183  2.654  0.58411  -0.76331
0.12033  -0.33713  0.15169  2.6543  0.58421  -0.76346
0.12038  -0.33718  0.15156  2.6546  0.5843  -0.76362
0.12042  -0.33724  0.15142  2.6548  0.5844  -0.76377
0.12047  -0.33729  0.15129  2.6551  0.5845  -0.76392
0.12052  -0.33735  0.15115  2.6554  0.5846  -0.76408
0.12056  -0.3374  0.15102  2.6557  0.5847  -0.76423
0.12061  -0.33746  0.15088  2.656  0.5848  -0.76439
0.12066  -0.33751  0.15075  2.6562  0.5849  -0.76455
0.1207  -0.33757  0.15062  2.6565  0.58499  -0.7647
0.12075  -0.33762  0.15049  2.6568  0.58509  -0.76486
0.1208  -0.33767  0.15035  2.657  0.58519  -0.76501
0.12084  -0.33773  0.15022  2.6573  0.58529  -0.76517
0.12089  -0.33778  0.15009  2.6576  0.58539  -0.76533
0.12094  -0.33784  0.14996  2.6579  0.58548  -0.76548
0.12098  -0.33789  0.14983  2.6581  0.58558  -0.76564
0.12103  -0.33794  0.1497  2.6584  0.58568  -0.7658
0.12108  -0.338  0.14957  2.6587  0.58578  -0.76596
0.12113  -0.33805  0.14944  2.6589  0.58587  -0.76612
0.12117  -0.33811  0.14931  2.6592  0.58597  -0.76627
0.12122  -0.33816  0.14918  2.6595  0.58607  -0.76643
0.12127  -0.33821  0.14906  2.6597  0.58617  -0.76659
0.12132  -0.33827  0.14893  2.66  0.58626  -0.76675
0.12136  -0.33832  0.1488  2.6602  0.58636  -0.76691
0.12141  -0.33837  0.14867  2.6605  0.58646  -0.76707
0.12146  -0.33843  0.14855  2.6608  0.58656  -0.76723
0.12151  -0.33848  0.14842  2.661  0.58665  -0.76739
0.12155  -0.33853  0.14829  2.6613  0.58675  -0.76755
0.1216  -0.33859  0.14817  2.6615  0.58685  -0.76771
0.12165  -0.33864  0.14804  2.6618  0.58694  -0.76787
0.1217  -0.33869  0.14792  2.6621  0.58704  -0.76803
0.12175  -0.33875  0.14779  2.6623  0.58714  -0.7682
0.1218  -0.3388  0.14766  2.6626  0.58724  -0.76836
0.12184  -0.33885  0.14754  2.6628  0.58733  -0.76852
0.12189  -0.33891  0.14742  2.6631  0.58743  -0.76868
0.12194  -0.33896  0.14729  2.6633  0.58753  -0.76884
0.12199  -0.33901  0.14717  2.6636  0.58762  -0.76901
0.12204  -0.33906  0.14704  2.6638  0.58772  -0.76917
0.12209  -0.33912  0.14692  2.6641  0.58781  -0.76933
0.12214  -0.33917  0.1468  2.6643  0.58791  -0.7695
0.12218  -0.33922  0.14667  2.6646  0.58801  -0.76966
0.12223  -0.33927  0.14655  2.6648  0.5881  -0.76982
0.12228  -0.33932  0.14643  2.6651  0.5882  -0.76999
0.12233  -0.33938  0.14631  2.6653  0.5883  -0.77015
0.12238  -0.33943  0.14618  2.6656  0.58839  -0.77031
0.12243  -0.33948  0.14606  2.6658  0.58849  -0.77048
0.12248  -0.33953  0.14594  2.6661  0.58858  -0.77064
0.12253  -0.33958  0.14582  2.6663  0.58868  -0.77081
0.12258  -0.33963  0.1457  2.6666  0.58878  -0.77097
0.12263  -0.33969  0.14558  2.6668  0.58887  -0.77114
0.12267  -0.33974  0.14546  2.6671  0.58897  -0.7713
0.12272  -0.33979  0.14534  2.6673  0.58906  -0.77147
0.12277  -0.33984  0.14522  2.6675  0.58916  -0.77163
0.12282  -0.33989  0.14511  2.6678  0.58925  -0.7718
0.12287  -0.33994  0.14499  2.668  0.58935  -0.77197
0.12292  -0.33999  0.14487  2.6683  0.58944  -0.77213
0.12297  -0.34004  0.14475  2.6685  0.58954  -0.7723
0.12302  -0.34009  0.14463  2.6687  0.58963  -0.77246
0.12307  -0.34014  0.14451  2.669  0.58973  -0.77263
0.12312  -0.34019  0.1444  2.6692  0.58982  -0.77279
0.12317  -0.34025  0.14428  2.6694  0.58992  -0.77296
0.12322  -0.3403  0.14417  2.6697  0.59001  -0.77313
0.12327  -0.34035  0.14405  2.6699  0.5901  -0.77329
0.12332  -0.3404  0.14394  2.6701  0.5902  -0.77346
0.12337  -0.34045  0.14382  2.6704  0.59029  -0.77363
0.12342  -0.3405  0.1437  2.6706  0.59039  -0.77379
0.12347  -0.34055  0.14359  2.6708  0.59048  -0.77396
0.12352  -0.3406  0.14347  2.6711  0.59057  -0.77413
0.12356  -0.34064  0.14336  2.6713  0.59067  -0.7743
0.12361  -0.34069  0.14325  2.6715  0.59076  -0.77446
0.12366  -0.34074  0.14313  2.6718  0.59085  -0.77463
0.12371  -0.34079  0.14302  2.672  0.59094  -0.7748
0.12376  -0.34084  0.14291  2.6722  0.59104  -0.77496
0.12381  -0.34089  0.1428  2.6724  0.59113  -0.77513
0.12386  -0.34094  0.14268  2.6727  0.59122  -0.7753
0.12391  -0.34099  0.14257  2.6729  0.59132  -0.77546
0.12396  -0.34104  0.14246  2.6731  0.59141  -0.77563
0.12401  -0.34109  0.14235  2.6733  0.5915  -0.7758
0.12406  -0.34114  0.14224  2.6736  0.59159  -0.77597
0.12411  -0.34119  0.14212  2.6738  0.59168  -0.77613
0.12416  -0.34124  0.14201  2.674  0.59177  -0.7763
0.12421  -0.34129  0.14191  2.6742  0.59186  -0.77647
0.12426  -0.34134  0.14179  2.6744  0.59195  -0.77663
0.12431  -0.34139  0.14168  2.6747  0.59204  -0.7768
0.12436  -0.34143  0.14157  2.6749  0.59214  -0.77697
0.1244  -0.34148  0.14147  2.6751  0.59223  -0.77713
0.12445  -0.34153  0.14136  2.6753  0.59232  -0.7773
0.1245  -0.34158  0.14125  2.6755  0.59241  -0.77747
0.12455  -0.34163  0.14114  2.6757  0.59249  -0.77763
0.1246  -0.34168  0.14103  2.6759  0.59258  -0.7778
0.12465  -0.34173  0.14093  2.6762  0.59267  -0.77797
0.1247  -0.34178  0.14082  2.6764  0.59276  -0.77813
0.12475  -0.34183  0.14071  2.6766  0.59285  -0.7783
0.1248  -0.34187  0.1406  2.6768  0.59294  -0.77847
0.12485  -0.34192  0.1405  2.677  0.59303  -0.77863
0.12489  -0.34197  0.14039  2.6772  0.59312  -0.7788
0.12494  -0.34202  0.14028  2.6774  0.5932  -0.77896
0.12499  -0.34207  0.14018  2.6776  0.59329  -0.77913
0.12504  -0.34212  0.14008  2.6778  0.59338  -0.7793
0.12509  -0.34217  0.13997  2.678  0.59346  -0.77946
0.12514  -0.34222  0.13986  2.6782  0.59355  -0.77963
0.12518  -0.34226  0.13976  2.6784  0.59364  -0.77979
0.12523  -0.34231  0.13966  2.6786  0.59373  -0.77996
0.12528  -0.34236  0.13955  2.6788  0.59381  -0.78012
0.12533  -0.34241  0.13945  2.679  0.5939  -0.78029
0.12538  -0.34246  0.13934  2.6792  0.59398  -0.78045
0.12542  -0.34251  0.13924  2.6794  0.59407  -0.78061
0.12547  -0.34256  0.13914  2.6796  0.59415  -0.78078
0.12552  -0.3426  0.13904  2.6798  0.59424  -0.78094
0.12557  -0.34265  0.13893  2.68  0.59432  -0.7811
0.12561  -0.3427  0.13883  2.6802  0.59441  -0.78127
0.12566  -0.34275  0.13873  2.6804  0.59449  -0.78143
0.12571  -0.3428  0.13863  2.6806  0.59457  -0.78159
0.12576  -0.34285  0.13853  2.6808  0.59466  -0.78175
0.1258  -0.3429  0.13843  2.681  0.59474  -0.78191
0.12585  -0.34294  0.13833  2.6812  0.59482  -0.78207
0.12592  -0.34298  0.13821  2.6815  0.59494  -0.7823
0.12598  -0.34301  0.13809  2.6818  0.59506  -0.78252
0.12605  -0.34305  0.13797  2.682  0.59518  -0.78274
0.12612  -0.34308  0.13786  2.6823  0.5953  -0.78297
0.12619  -0.34312  0.13774  2.6826  0.59541  -0.78319
0.12626  -0.34316  0.13763  2.6829  0.59553  -0.78342
0.12633  -0.34319  0.13752  2.6831  0.59565  -0.78364
0.12639  -0.34323  0.1374  2.6834  0.59577  -0.78387
0.12646  -0.34327  0.1373  2.6837  0.59588  -0.78409
0.12653  -0.34331  0.13718  2.6839  0.596  -0.78432
0.1266  -0.34335  0.13708  2.6842  0.59611  -0.78455
0.12666  -0.3434  0.13697  2.6844  0.59622  -0.78477
0.12673  -0.34344  0.13686  2.6846  0.59633  -0.785
0.1268  -0.34348  0.13676  2.6849  0.59645  -0.78523
0.12686  -0.34353  0.13665  2.6851  0.59656  -0.78545
0.12693  -0.34357  0.13655  2.6853  0.59667  -0.78568
0.12699  -0.34362  0.13645  2.6856  0.59678  -0.7859
0.12706  -0.34367  0.13635  2.6858  0.59688  -0.78613
0.12712  -0.34372  0.13624  2.686  0.59699  -0.78635
0.12719  -0.34377  0.13614  2.6862  0.5971  -0.78658
0.12725  -0.34382  0.13605  2.6864  0.5972  -0.7868
0.12731  -0.34388  0.13595  2.6866  0.5973  -0.78702
0.12738  -0.34393  0.13585  2.6868  0.5974  -0.78724
0.12744  -0.34399  0.13576  2.687  0.59751  -0.78746
0.1275  -0.34404  0.13566  2.6872  0.59761  -0.78768
0.12756  -0.3441  0.13557  2.6874  0.5977  -0.78789
0.12762  -0.34416  0.13548  2.6875  0.5978  -0.78811
0.12768  -0.34423  0.13538  2.6877  0.5979  -0.78833
0.12774  -0.34429  0.13529  2.6879  0.59799  -0.78854
0.1278  -0.34435  0.1352  2.688  0.59808  -0.78875
0.12786  -0.34442  0.13512  2.6881  0.59817  -0.78896
0.12791  -0.34449  0.13503  2.6883  0.59826  -0.78917
0.12797  -0.34456  0.13494  2.6884  0.59835  -0.78937
0.12802  -0.34463  0.13485  2.6886  0.59844  -0.78958
0.12808  -0.3447  0.13477  2.6887  0.59852  -0.78978
0.12813  -0.34478  0.13468  2.6888  0.5986  -0.78998
0.12818  -0.34485  0.1346  2.6889  0.59869  -0.79018
0.12824  -0.34493  0.13452  2.689  0.59877  -0.79038
0.12828  -0.34501  0.13444  2.6891  0.59884  -0.79057
0.12833  -0.34509  0.13436  2.6892  0.59892  -0.79077
0.12838  -0.34518  0.13428  2.6893  0.599  -0.79096
0.12843  -0.34526  0.1342  2.6894  0.59907  -0.79115
0.12848  -0.34535  0.13413  2.6894  0.59915  -0.79134
0.12853  -0.34544  0.13405  2.6895  0.59922  -0.79152
0.12857  -0.34553  0.13397  2.6896  0.59929  -0.79171
0.12862  -0.34562  0.1339  2.6896  0.59935  -0.79189
0.12866  -0.34572  0.13383  2.6897  0.59942  -0.79207
0.1287  -0.34581  0.13376  2.6897  0.59948  -0.79224
0.12875  -0.34591  0.13368  2.6897  0.59955  -0.79242
0.12879  -0.34601  0.13361  2.6898  0.59961  -0.7926
0.12883  -0.34611  0.13354  2.6898  0.59967  -0.79277
0.12887  -0.34622  0.13347  2.6898  0.59973  -0.79294
0.12891  -0.34632  0.13341  2.6898  0.59979  -0.79311
0.12894  -0.34643  0.13334  2.6898  0.59985  -0.79327
0.12898  -0.34654  0.13327  2.6898  0.5999  -0.79344
0.12902  -0.34665  0.13321  2.6898  0.59995  -0.7936
0.12905  -0.34676  0.13314  2.6898  0.60001  -0.79376
0.12909  -0.34687  0.13308  2.6898  0.60006  -0.79392
0.12912  -0.34698  0.13302  2.6898  0.60011  -0.79407
0.12916  -0.3471  0.13295  2.6897  0.60016  -0.79423
0.12919  -0.34722  0.13289  2.6897  0.6002  -0.79438
0.12922  -0.34734  0.13283  2.6897  0.60025  -0.79453
0.12925  -0.34746  0.13277  2.6896  0.6003  -0.79468
0.12928  -0.34758  0.13271  2.6896  0.60034  -0.79482
0.12931  -0.3477  0.13265  2.6895  0.60038  -0.79496
0.12934  -0.34782  0.13259  2.6895  0.60042  -0.79511
0.12937  -0.34795  0.13253  2.6894  0.60046  -0.79525
0.1294  -0.34807  0.13247  2.6894  0.6005  -0.79538
0.12942  -0.3482  0.13241  2.6893  0.60054  -0.79551
0.12945  -0.34833  0.13236  2.6892  0.60057  -0.79564
0.12947  -0.34846  0.1323  2.6891  0.60061  -0.79577
0.12949  -0.34858  0.13224  2.6891  0.60064  -0.7959
0.12952  -0.34871  0.13218  2.689  0.60068  -0.79602
0.12954  -0.34884  0.13213  2.6889  0.60071  -0.79614
0.12956  -0.34897  0.13207  2.6888  0.60074  -0.79626
0.12958  -0.3491  0.13202  2.6887  0.60077  -0.79638
0.1296  -0.34923  0.13196  2.6887  0.6008  -0.7965
0.12962  -0.34936  0.13191  2.6886  0.60083  -0.7966
0.12964  -0.34949  0.13185  2.6885  0.60086  -0.79672
0.12966  -0.34962  0.1318  2.6884  0.60088  -0.79683
0.12968  -0.34975  0.13174  2.6883  0.60091  -0.79693
0.1297  -0.34988  0.13169  2.6882  0.60093  -0.79703
0.12971  -0.35  0.13163  2.6881  0.60096  -0.79713
0.12973  -0.35013  0.13158  2.688  0.60098  -0.79724
0.12975  -0.35026  0.13152  2.6879  0.60101  -0.79733
0.12976  -0.35038  0.13147  2.6879  0.60103  -0.79743
0.12978  -0.35051  0.13141  2.6878  0.60105  -0.79752
0.12979  -0.35063  0.13136  2.6877  0.60107  -0.79761
0.1298  -0.35076  0.1313  2.6876  0.6011  -0.7977
0.12982  -0.35088  0.13125  2.6875  0.60112  -0.79779
0.12983  -0.35099  0.13119  2.6875  0.60114  -0.79787
0.12984  -0.35111  0.13113  2.6874  0.60116  -0.79795
0.12986  -0.35123  0.13107  2.6873  0.60118  -0.79803
0.12987  -0.35135  0.13102  2.6873  0.6012  -0.79811
0.12988  -0.35146  0.13096  2.6872  0.60122  -0.79819
0.12989  -0.35157  0.1309  2.6871  0.60123  -0.79826
0.1299  -0.35169  0.13084  2.6871  0.60125  -0.79834
0.12991  -0.3518  0.13078  2.687  0.60127  -0.79841
0.12993  -0.35191  0.13072  2.687  0.60129  -0.79848
0.12994  -0.35201  0.13066  2.6869  0.60131  -0.79855
0.12995  -0.35212  0.1306  2.6869  0.60133  -0.79862
0.12996  -0.35222  0.13054  2.6868  0.60134  -0.79868
0.12997  -0.35232  0.13047  2.6868  0.60136  -0.79875
0.12998  -0.35242  0.13041  2.6868  0.60138  -0.79881
0.12999  -0.35252  0.13035  2.6867  0.6014  -0.79887
0.13  -0.35261  0.13028  2.6867  0.60141  -0.79893
0.13  -0.3527  0.13022  2.6867  0.60143  -0.79899
0.13001  -0.35279  0.13015  2.6867  0.60145  -0.79905
0.13002  -0.35288  0.13009  2.6867  0.60147  -0.79911
0.13003  -0.35297  0.13002  2.6867  0.60149  -0.79917
0.13004  -0.35306  0.12995  2.6867  0.60151  -0.79922
0.13005  -0.35314  0.12988  2.6867  0.60153  -0.79928
0.13006  -0.35322  0.12981  2.6867  0.60155  -0.79933
0.13007  -0.3533  0.12974  2.6867  0.60157  -0.79938
0.13008  -0.35338  0.12967  2.6867  0.60159  -0.79944
0.13009  -0.35346  0.1296  2.6868  0.60161  -0.79949
0.1301  -0.35353  0.12953  2.6868  0.60163  -0.79954
0.13011  -0.3536  0.12946  2.6868  0.60165  -0.79959
0.13012  -0.35367  0.12938  2.6869  0.60167  -0.79964
0.13013  -0.35374  0.12931  2.6869  0.60169  -0.79969
0.13014  -0.3538  0.12923  2.687  0.60171  -0.79974
0.13015  -0.35386  0.12916  2.687  0.60173  -0.79979
0.13016  -0.35392  0.12908  2.6871  0.60176  -0.79983
0.13017  -0.35398  0.129  2.6872  0.60178  -0.79988
0.13018  -0.35404  0.12892  2.6872  0.6018  -0.79993
0.13019  -0.35409  0.12884  2.6873  0.60183  -0.79997
0.1302  -0.35415  0.12876  2.6874  0.60185  -0.80002
0.13021  -0.3542  0.12868  2.6875  0.60188  -0.80007
0.13022  -0.35425  0.1286  2.6876  0.6019  -0.80011
0.13023  -0.35429  0.12851  2.6877  0.60192  -0.80015
0.13024  -0.35434  0.12843  2.6878  0.60195  -0.80019
0.13025  -0.35438  0.12834  2.6879  0.60197  -0.80024
0.13026  -0.35443  0.12825  2.688  0.602  -0.80028
0.13027  -0.35446  0.12817  2.6882  0.60202  -0.80031
0.13028  -0.3545  0.12808  2.6883  0.60205  -0.80035
0.13029  -0.35454  0.12799  2.6884  0.60207  -0.80039
0.1303  -0.35458  0.1279  2.6885  0.6021  -0.80042
0.13031  -0.35461  0.1278  2.6887  0.60212  -0.80045
0.13032  -0.35464  0.12771  2.6888  0.60215  -0.80048
0.13033  -0.35467  0.12762  2.689  0.60217  -0.80051
0.13034  -0.3547  0.12752  2.6891  0.6022  -0.80054
0.13034  -0.35473  0.12742  2.6893  0.60222  -0.80057
0.13035  -0.35476  0.12733  2.6894  0.60224  -0.80059
0.13036  -0.35478  0.12723  2.6896  0.60227  -0.80062
0.13037  -0.35481  0.12713  2.6898  0.60229  -0.80064
0.13037  -0.35482  0.12704  2.6899  0.60231  -0.80066
0.13038  -0.35484  0.12694  2.6901  0.60234  -0.80068
0.13039  -0.35486  0.12685  2.6903  0.60236  -0.8007
0.13039  -0.35488  0.12675  2.6905  0.60238  -0.80072
0.1304  -0.35489  0.12666  2.6906  0.6024  -0.80073
0.1304  -0.35491  0.12656  2.6908  0.60242  -0.80075
0.13041  -0.35492  0.12647  2.691  0.60244  -0.80076
0.13041  -0.35493  0.12637  2.6912  0.60246  -0.80077
0.13042  -0.35494  0.12627  2.6913  0.60248  -0.80078
0.13042  -0.35495  0.12618  2.6915  0.6025  -0.80079
0.13043  -0.35496  0.12608  2.6917  0.60253  -0.8008
0.13043  -0.35497  0.12598  2.6919  0.60255  -0.8008
0.13044  -0.35498  0.12588  2.6921  0.60257  -0.80081
0.13044  -0.35498  0.12579  2.6923  0.60259  -0.80082
0.13045  -0.35499  0.12568  2.6925  0.60261  -0.80083
0.13045  -0.355  0.12558  2.6927  0.60263  -0.80083
0.13045  -0.355  0.12548  2.6929  0.60265  -0.80084
0.13046  -0.355  0.12539  2.6931  0.60267  -0.80085
0.13046  -0.35501  0.12528  2.6933  0.60269  -0.80085
0.13047  -0.35501  0.12518  2.6935  0.60271  -0.80086
0.13047  -0.35501  0.12508  2.6937  0.60273  -0.80086
0.13048  -0.35501  0.12499  2.6939  0.60275  -0.80087
0.13048  -0.35501  0.12488  2.6941  0.60277  -0.80087
0.13048  -0.35501  0.12478  2.6943  0.60279  -0.80087
0.13049  -0.35501  0.12467  2.6945  0.60281  -0.80087
0.13049  -0.35501  0.12457  2.6947  0.60283  -0.80087
0.13049  -0.355  0.12447  2.695  0.60285  -0.80087
0.1305  -0.355  0.12436  2.6952  0.60287  -0.80087
0.1305  -0.35499  0.12425  2.6954  0.6029  -0.80087
0.1305  -0.35499  0.12415  2.6957  0.60292  -0.80087
0.13051  -0.35498  0.12405  2.6959  0.60294  -0.80087
0.13051  -0.35497  0.12393  2.6961  0.60296  -0.80087
0.13051  -0.35496  0.12383  2.6964  0.60298  -0.80086
0.13052  -0.35495  0.12372  2.6966  0.603  -0.80086
0.13052  -0.35494  0.12363  2.6968  0.60302  -0.80086
0.13052  -0.35492  0.12352  2.6971  0.60304  -0.80086
0.13053  -0.35491  0.1234  2.6973  0.60307  -0.80086
0.13053  -0.35489  0.12329  2.6976  0.60309  -0.80086
0.13054  -0.35487  0.1232  2.6978  0.60311  -0.80086
0.13054  -0.35486  0.12311  2.698  0.60313  -0.80085
0.13055  -0.35482  0.12292  2.6985  0.60317  -0.80085
0.13055  -0.35482  0.12294  2.6984  0.60317  -0.80085
