0.16609  -0.22584  0.41952  1.2516  1.0085  -0.16992
0.16607  -0.22587  0.4195  1.2518  1.0083  -0.17004
0.16607  -0.22588  0.41949  1.2519  1.0083  -0.17005
0.16592  -0.22618  0.41931  1.2543  1.0069  -0.17104
0.16581  -0.22642  0.41918  1.2562  1.0059  -0.17179
0.16564  -0.22676  0.41897  1.2589  1.0044  -0.17287
0.16554  -0.22697  0.41885  1.2605  1.0034  -0.17353
0.16541  -0.22721  0.41871  1.2625  1.0023  -0.17429
0.16529  -0.22746  0.41856  1.2644  1.0012  -0.17505
0.16515  -0.22774  0.41839  1.2666  0.99997  -0.17591
0.16502  -0.228  0.41823  1.2687  0.99878  -0.17672
0.1649  -0.22822  0.4181  1.2704  0.99778  -0.17739
0.16477  -0.22849  0.41793  1.2726  0.99656  -0.1782
0.16464  -0.22874  0.41778  1.2745  0.99543  -0.17894
0.1645  -0.22902  0.41761  1.2767  0.99416  -0.17976
0.16438  -0.22925  0.41747  1.2785  0.99311  -0.18043
0.16425  -0.2295  0.41731  1.2804  0.99196  -0.18116
0.16412  -0.22974  0.41716  1.2824  0.99082  -0.18188
0.16398  -0.23001  0.41699  1.2844  0.98957  -0.18264
0.16384  -0.23027  0.41683  1.2864  0.98838  -0.18337
0.16372  -0.2305  0.41668  1.2883  0.98729  -0.18403
0.16358  -0.23075  0.41651  1.2902  0.9861  -0.18474
0.16345  -0.231  0.41636  1.2922  0.98495  -0.18542
0.16331  -0.23126  0.41619  1.2942  0.9837  -0.18614
0.16318  -0.2315  0.41603  1.296  0.9826  -0.18678
0.16305  -0.23174  0.41587  1.2979  0.98143  -0.18745
0.16291  -0.23199  0.41571  1.2998  0.98026  -0.18811
0.16277  -0.23224  0.41554  1.3018  0.97904  -0.18879
0.16264  -0.23249  0.41538  1.3037  0.97786  -0.18944
0.16251  -0.23272  0.41523  1.3055  0.97675  -0.19005
0.16237  -0.23297  0.41506  1.3074  0.97555  -0.1907
0.16223  -0.23321  0.41489  1.3093  0.97438  -0.19133
0.16208  -0.23347  0.41472  1.3113  0.97313  -0.19198
0.16195  -0.2337  0.41456  1.3131  0.97199  -0.19258
0.16181  -0.23395  0.4144  1.315  0.97081  -0.19319
0.16167  -0.23419  0.41423  1.3168  0.96964  -0.19379
0.16153  -0.23444  0.41406  1.3187  0.96841  -0.19441
0.16139  -0.23468  0.41389  1.3206  0.96721  -0.19501
0.16125  -0.23491  0.41373  1.3224  0.96606  -0.19558
0.16111  -0.23516  0.41356  1.3243  0.96486  -0.19617
0.16097  -0.2354  0.41339  1.3261  0.96368  -0.19675
0.16082  -0.23565  0.41321  1.328  0.96243  -0.19733
0.16068  -0.23588  0.41305  1.3298  0.96128  -0.19789
0.16054  -0.23612  0.41288  1.3316  0.96008  -0.19845
0.16039  -0.23636  0.41271  1.3334  0.95889  -0.199
0.16024  -0.2366  0.41253  1.3353  0.95764  -0.19956
0.1601  -0.23684  0.41236  1.3371  0.95643  -0.2001
0.15996  -0.23708  0.41219  1.3389  0.95526  -0.20063
0.15981  -0.23731  0.41201  1.3407  0.95405  -0.20116
0.15966  -0.23755  0.41184  1.3425  0.95284  -0.20169
0.15951  -0.23779  0.41166  1.3444  0.9516  -0.20221
0.15937  -0.23802  0.41149  1.3461  0.95043  -0.20272
0.15922  -0.23826  0.41132  1.3479  0.94922  -0.20322
0.15907  -0.23849  0.41114  1.3497  0.94802  -0.20372
0.15892  -0.23873  0.41096  1.3515  0.94678  -0.20422
0.15877  -0.23896  0.41079  1.3533  0.94557  -0.20471
0.15863  -0.23919  0.41061  1.355  0.94439  -0.20519
0.15848  -0.23942  0.41043  1.3568  0.94317  -0.20567
0.15833  -0.23966  0.41026  1.3586  0.94195  -0.20614
0.15817  -0.23989  0.41007  1.3604  0.94071  -0.20662
0.15803  -0.24012  0.4099  1.3621  0.93953  -0.20707
0.15788  -0.24035  0.40972  1.3638  0.93831  -0.20753
0.15772  -0.24057  0.40954  1.3656  0.9371  -0.20798
0.15757  -0.24081  0.40936  1.3673  0.93585  -0.20843
0.15742  -0.24104  0.40918  1.3691  0.93463  -0.20887
0.15727  -0.24126  0.409  1.3708  0.93343  -0.2093
0.15711  -0.24149  0.40882  1.3725  0.9322  -0.20974
0.15696  -0.24172  0.40863  1.3743  0.93098  -0.21016
0.1568  -0.24195  0.40845  1.376  0.92973  -0.21059
0.15665  -0.24217  0.40827  1.3777  0.92854  -0.21099
0.15649  -0.24239  0.40809  1.3794  0.92731  -0.2114
0.15634  -0.24261  0.4079  1.3811  0.9261  -0.21181
0.15618  -0.24284  0.40772  1.3828  0.92485  -0.21221
0.15603  -0.24306  0.40753  1.3845  0.92363  -0.2126
0.15587  -0.24328  0.40735  1.3862  0.92242  -0.21299
0.15572  -0.24351  0.40716  1.3879  0.92119  -0.21337
0.15556  -0.24373  0.40698  1.3896  0.91996  -0.21375
0.1554  -0.24395  0.40679  1.3913  0.91871  -0.21413
0.15524  -0.24417  0.40661  1.393  0.91751  -0.2145
0.15508  -0.24439  0.40642  1.3946  0.91628  -0.21486
0.15493  -0.2446  0.40623  1.3963  0.91505  -0.21522
0.15476  -0.24483  0.40604  1.398  0.9138  -0.21558
0.1546  -0.24504  0.40585  1.3997  0.91257  -0.21593
0.15445  -0.24526  0.40567  1.4013  0.91136  -0.21627
0.15429  -0.24547  0.40548  1.403  0.91013  -0.21661
0.15413  -0.24569  0.40529  1.4046  0.9089  -0.21695
0.15396  -0.2459  0.4051  1.4063  0.90765  -0.21728
0.15381  -0.24611  0.40491  1.4079  0.90645  -0.21761
0.15364  -0.24633  0.40472  1.4095  0.90521  -0.21793
0.15348  -0.24654  0.40453  1.4112  0.90399  -0.21825
0.15332  -0.24675  0.40434  1.4128  0.90274  -0.21856
0.15316  -0.24696  0.40415  1.4144  0.90152  -0.21887
0.153  -0.24717  0.40396  1.4161  0.90031  -0.21917
0.15284  -0.24738  0.40377  1.4177  0.89907  -0.21947
0.15267  -0.24759  0.40357  1.4193  0.89784  -0.21977
0.15251  -0.2478  0.40338  1.4209  0.89659  -0.22006
0.15234  -0.24801  0.40319  1.4225  0.89537  -0.22035
0.15218  -0.24822  0.403  1.4241  0.89414  -0.22063
0.15202  -0.24842  0.4028  1.4257  0.89291  -0.22091
0.15185  -0.24863  0.40261  1.4274  0.89166  -0.22118
0.15168  -0.24883  0.40241  1.429  0.89043  -0.22145
0.15152  -0.24904  0.40222  1.4305  0.88921  -0.22172
0.15135  -0.24924  0.40202  1.4321  0.88798  -0.22198
0.15119  -0.24944  0.40183  1.4337  0.88674  -0.22224
0.15102  -0.24965  0.40163  1.4353  0.8855  -0.22249
0.15086  -0.24985  0.40144  1.4369  0.88429  -0.22274
0.15069  -0.25005  0.40124  1.4385  0.88305  -0.22298
0.15052  -0.25025  0.40105  1.44  0.88182  -0.22322
0.15035  -0.25045  0.40085  1.4416  0.88057  -0.22346
0.15019  -0.25065  0.40065  1.4432  0.87935  -0.22369
0.15002  -0.25084  0.40046  1.4447  0.87813  -0.22392
0.14985  -0.25104  0.40026  1.4463  0.87689  -0.22415
0.14968  -0.25124  0.40006  1.4478  0.87566  -0.22437
0.14951  -0.25143  0.39986  1.4494  0.87441  -0.22459
0.14934  -0.25163  0.39966  1.4509  0.87319  -0.2248
0.14917  -0.25182  0.39946  1.4525  0.87195  -0.22501
0.149  -0.25202  0.39927  1.454  0.87073  -0.22521
0.14883  -0.25221  0.39906  1.4556  0.86948  -0.22542
0.14866  -0.2524  0.39887  1.4571  0.86825  -0.22561
0.14849  -0.25259  0.39867  1.4586  0.86702  -0.22581
0.14832  -0.25279  0.39847  1.4602  0.86578  -0.226
0.14815  -0.25298  0.39826  1.4617  0.86454  -0.22618
0.14797  -0.25317  0.39806  1.4633  0.8633  -0.22637
0.14781  -0.25335  0.39786  1.4648  0.86208  -0.22655
0.14763  -0.25354  0.39766  1.4663  0.86084  -0.22672
0.14746  -0.25373  0.39746  1.4678  0.85961  -0.22689
0.14729  -0.25392  0.39725  1.4693  0.85836  -0.22706
0.14711  -0.25411  0.39705  1.4708  0.85714  -0.22723
0.14694  -0.25429  0.39685  1.4723  0.85591  -0.22739
0.14677  -0.25448  0.39665  1.4738  0.85467  -0.22754
0.14659  -0.25466  0.39644  1.4754  0.85343  -0.2277
0.14641  -0.25485  0.39624  1.4769  0.85219  -0.22785
0.14624  -0.25503  0.39604  1.4784  0.85096  -0.22799
0.14607  -0.25521  0.39583  1.4799  0.84972  -0.22814
0.14589  -0.25539  0.39563  1.4814  0.84849  -0.22828
0.14571  -0.25557  0.39542  1.4829  0.84724  -0.22841
0.14554  -0.25575  0.39521  1.4843  0.84602  -0.22854
0.14536  -0.25593  0.39501  1.4858  0.84479  -0.22867
0.14519  -0.25611  0.3948  1.4873  0.84355  -0.2288
0.14501  -0.25629  0.3946  1.4888  0.84231  -0.22892
0.14483  -0.25647  0.39439  1.4903  0.84107  -0.22904
0.14466  -0.25664  0.39418  1.4917  0.83985  -0.22916
0.14448  -0.25682  0.39398  1.4932  0.8386  -0.22927
0.1443  -0.25699  0.39377  1.4947  0.83737  -0.22937
0.14412  -0.25717  0.39356  1.4962  0.83612  -0.22948
0.14394  -0.25734  0.39335  1.4977  0.83489  -0.22958
0.14376  -0.25752  0.39314  1.4991  0.83366  -0.22968
0.14358  -0.25769  0.39293  1.5006  0.83242  -0.22977
0.1434  -0.25786  0.39272  1.5021  0.83118  -0.22986
0.14322  -0.25803  0.39251  1.5035  0.82994  -0.22995
0.14305  -0.2582  0.39231  1.505  0.82872  -0.23004
0.14286  -0.25837  0.3921  1.5064  0.82748  -0.23012
0.14268  -0.25854  0.39189  1.5079  0.82625  -0.23019
0.1425  -0.25871  0.39167  1.5093  0.825  -0.23027
0.14232  -0.25888  0.39146  1.5108  0.82377  -0.23034
0.14214  -0.25904  0.39125  1.5122  0.82254  -0.23041
0.14196  -0.25921  0.39104  1.5137  0.82131  -0.23047
0.14178  -0.25938  0.39083  1.5151  0.82007  -0.23053
0.14159  -0.25954  0.39062  1.5166  0.81883  -0.23059
0.14142  -0.2597  0.39041  1.518  0.81761  -0.23065
0.14123  -0.25987  0.39019  1.5194  0.81637  -0.2307
0.14105  -0.26003  0.38998  1.5209  0.81514  -0.23075
0.14087  -0.26019  0.38977  1.5223  0.8139  -0.2308
0.14068  -0.26035  0.38955  1.5237  0.81267  -0.23084
0.1405  -0.26051  0.38934  1.5251  0.81144  -0.23088
0.14032  -0.26067  0.38913  1.5266  0.81021  -0.23092
0.14013  -0.26083  0.38891  1.528  0.80897  -0.23096
0.13995  -0.26099  0.3887  1.5294  0.80774  -0.23099
0.13977  -0.26114  0.38849  1.5308  0.80652  -0.23102
0.13958  -0.2613  0.38827  1.5322  0.80529  -0.23105
0.1394  -0.26146  0.38806  1.5337  0.80406  -0.23107
0.13921  -0.26161  0.38785  1.5351  0.80283  -0.23109
0.13903  -0.26176  0.38763  1.5365  0.80161  -0.23111
0.13885  -0.26192  0.38742  1.5379  0.80039  -0.23113
0.13866  -0.26207  0.38721  1.5393  0.79917  -0.23114
0.13848  -0.26222  0.38699  1.5407  0.79794  -0.23115
0.13829  -0.26237  0.38678  1.5421  0.79672  -0.23116
0.13811  -0.26252  0.38657  1.5434  0.79552  -0.23117
0.13793  -0.26267  0.38635  1.5448  0.7943  -0.23117
0.13774  -0.26282  0.38614  1.5462  0.79309  -0.23117
0.13756  -0.26297  0.38592  1.5476  0.79187  -0.23117
0.13738  -0.26311  0.38571  1.549  0.79066  -0.23117
0.13719  -0.26326  0.3855  1.5503  0.78946  -0.23116
0.13701  -0.2634  0.38529  1.5517  0.78825  -0.23115
0.13682  -0.26355  0.38507  1.5531  0.78704  -0.23114
0.13664  -0.26369  0.38486  1.5544  0.78583  -0.23113
0.13646  -0.26383  0.38465  1.5558  0.78464  -0.23111
0.13627  -0.26397  0.38444  1.5571  0.78343  -0.23109
0.1361  -0.26414  0.38424  1.5586  0.78223  -0.23125
0.13593  -0.26432  0.38403  1.5601  0.78103  -0.2314
0.13576  -0.26449  0.38383  1.5616  0.77982  -0.23155
0.13558  -0.26466  0.38363  1.5631  0.7786  -0.2317
0.13541  -0.26484  0.38343  1.5646  0.77739  -0.23185
0.13524  -0.26501  0.38323  1.5661  0.77619  -0.23199
0.13506  -0.26518  0.38303  1.5676  0.77499  -0.23213
0.13489  -0.26535  0.38282  1.5691  0.77379  -0.23227
0.13472  -0.26551  0.38263  1.5706  0.7726  -0.23241
0.13455  -0.26568  0.38243  1.572  0.77142  -0.23254
0.13438  -0.26585  0.38223  1.5735  0.77022  -0.23267
0.1342  -0.26602  0.38202  1.575  0.76901  -0.23279
0.13403  -0.26618  0.38182  1.5764  0.7678  -0.23292
0.13385  -0.26635  0.38162  1.5779  0.76659  -0.23304
0.13368  -0.26652  0.38141  1.5794  0.7654  -0.23316
0.13351  -0.26668  0.38121  1.5808  0.7642  -0.23327
0.13333  -0.26685  0.38101  1.5823  0.76299  -0.23339
0.13316  -0.26701  0.38081  1.5838  0.76179  -0.2335
0.13298  -0.26718  0.3806  1.5852  0.7606  -0.2336
0.13281  -0.26734  0.3804  1.5867  0.7594  -0.2337
0.13263  -0.2675  0.3802  1.5881  0.7582  -0.2338
0.13246  -0.26767  0.37999  1.5896  0.75699  -0.2339
0.13228  -0.26783  0.37979  1.591  0.75579  -0.234
0.13211  -0.26799  0.37958  1.5925  0.7546  -0.2341
0.13194  -0.26815  0.37938  1.5939  0.7534  -0.23419
0.13176  -0.26831  0.37918  1.5953  0.7522  -0.23428
0.13158  -0.26847  0.37897  1.5968  0.75101  -0.23436
0.13141  -0.26863  0.37877  1.5982  0.74982  -0.23444
0.13123  -0.26879  0.37857  1.5996  0.74863  -0.23452
0.13106  -0.26894  0.37836  1.601  0.74743  -0.2346
0.13088  -0.2691  0.37816  1.6025  0.74622  -0.23468
0.1307  -0.26926  0.37795  1.6039  0.74502  -0.23476
0.13053  -0.26942  0.37775  1.6053  0.74384  -0.23483
0.13035  -0.26957  0.37754  1.6067  0.74265  -0.2349
0.13018  -0.26973  0.37734  1.6082  0.74145  -0.23496
0.13  -0.26988  0.37713  1.6096  0.74026  -0.23503
0.12983  -0.27004  0.37693  1.611  0.73908  -0.23508
0.12965  -0.27019  0.37673  1.6124  0.73789  -0.23514
0.12947  -0.27034  0.37652  1.6138  0.73669  -0.2352
0.12929  -0.2705  0.37631  1.6152  0.73549  -0.23525
0.12912  -0.27065  0.37611  1.6166  0.7343  -0.23531
0.12894  -0.2708  0.3759  1.618  0.73312  -0.23536
0.12877  -0.27095  0.3757  1.6194  0.73193  -0.2354
0.12859  -0.27111  0.37549  1.6208  0.73074  -0.23545
0.12841  -0.27126  0.37529  1.6222  0.72955  -0.23549
0.12823  -0.2714  0.37508  1.6235  0.72837  -0.23553
0.12806  -0.27155  0.37488  1.6249  0.72719  -0.23556
0.12788  -0.2717  0.37467  1.6263  0.72599  -0.23559
0.1277  -0.27185  0.37446  1.6277  0.72479  -0.23563
0.12752  -0.272  0.37425  1.6291  0.72361  -0.23566
0.12734  -0.27215  0.37405  1.6305  0.72243  -0.23569
0.12717  -0.27229  0.37384  1.6318  0.72125  -0.23571
0.12699  -0.27244  0.37364  1.6332  0.72006  -0.23574
0.12681  -0.27258  0.37343  1.6346  0.71887  -0.23576
0.12663  -0.27273  0.37322  1.636  0.71769  -0.23577
0.12645  -0.27287  0.37302  1.6373  0.71651  -0.23579
0.12627  -0.27302  0.37281  1.6387  0.71532  -0.2358
0.12609  -0.27316  0.3726  1.6401  0.71412  -0.23581
0.12591  -0.2733  0.37239  1.6415  0.71294  -0.23582
0.12574  -0.27345  0.37218  1.6428  0.71176  -0.23583
0.12556  -0.27359  0.37198  1.6442  0.71058  -0.23583
0.12538  -0.27373  0.37177  1.6455  0.70939  -0.23584
0.1252  -0.27387  0.37156  1.6469  0.70821  -0.23583
0.12502  -0.27401  0.37135  1.6482  0.70704  -0.23583
0.12484  -0.27415  0.37115  1.6496  0.70586  -0.23582
0.12466  -0.27429  0.37094  1.6509  0.70467  -0.23581
0.12448  -0.27443  0.37073  1.6523  0.70348  -0.23581
0.1243  -0.27456  0.37052  1.6536  0.70229  -0.2358
0.12412  -0.2747  0.37031  1.655  0.70112  -0.23578
0.12394  -0.27484  0.3701  1.6563  0.69994  -0.23577
0.12376  -0.27498  0.36989  1.6577  0.69876  -0.23575
0.12358  -0.27511  0.36968  1.659  0.69758  -0.23573
0.1234  -0.27525  0.36947  1.6603  0.69641  -0.2357
0.12322  -0.27538  0.36927  1.6617  0.69523  -0.23567
0.12303  -0.27551  0.36905  1.663  0.69404  -0.23565
0.12285  -0.27565  0.36884  1.6644  0.69286  -0.23562
0.12267  -0.27578  0.36863  1.6657  0.69168  -0.23559
0.12249  -0.27591  0.36843  1.667  0.69051  -0.23555
0.12231  -0.27605  0.36822  1.6683  0.68933  -0.23552
0.12213  -0.27618  0.36801  1.6697  0.68815  -0.23548
0.12194  -0.27631  0.3678  1.671  0.68698  -0.23544
0.12176  -0.27644  0.36759  1.6723  0.68581  -0.2354
0.12158  -0.27657  0.36738  1.6736  0.68464  -0.23535
0.1214  -0.2767  0.36717  1.6749  0.68346  -0.2353
0.12122  -0.27683  0.36695  1.6763  0.68227  -0.23526
0.12103  -0.27696  0.36674  1.6776  0.6811  -0.23521
0.12085  -0.27708  0.36654  1.6789  0.67994  -0.23516
0.12067  -0.27721  0.36633  1.6802  0.67877  -0.2351
0.12049  -0.27734  0.36611  1.6815  0.67759  -0.23505
0.12031  -0.27746  0.3659  1.6828  0.67642  -0.23499
0.12013  -0.27759  0.36569  1.6841  0.67526  -0.23493
0.11994  -0.27771  0.36548  1.6854  0.6741  -0.23486
0.11976  -0.27784  0.36527  1.6867  0.67292  -0.2348
0.11958  -0.27796  0.36506  1.688  0.67175  -0.23473
0.1194  -0.27809  0.36485  1.6893  0.67058  -0.23467
0.11922  -0.27821  0.36464  1.6906  0.66943  -0.2346
0.11903  -0.27833  0.36443  1.6919  0.66826  -0.23453
0.11885  -0.27845  0.36422  1.6932  0.6671  -0.23445
0.11867  -0.27857  0.36401  1.6944  0.66594  -0.23438
0.11849  -0.27869  0.3638  1.6957  0.66478  -0.2343
0.1183  -0.27881  0.36359  1.697  0.66362  -0.23422
0.11812  -0.27893  0.36338  1.6983  0.66246  -0.23414
0.11794  -0.27905  0.36317  1.6996  0.66129  -0.23406
0.11776  -0.27917  0.36296  1.7008  0.66013  -0.23398
0.11757  -0.27929  0.36275  1.7021  0.65898  -0.23389
0.11739  -0.27941  0.36254  1.7034  0.65783  -0.2338
0.11721  -0.27952  0.36233  1.7047  0.65667  -0.23372
0.11703  -0.27964  0.36212  1.7059  0.65552  -0.23363
0.11685  -0.27976  0.36191  1.7072  0.65438  -0.23353
0.11666  -0.27987  0.3617  1.7084  0.65323  -0.23344
0.11648  -0.27999  0.36149  1.7097  0.65207  -0.23334
0.1163  -0.2801  0.36128  1.711  0.65092  -0.23325
0.11612  -0.28022  0.36107  1.7122  0.64977  -0.23315
0.11594  -0.28033  0.36086  1.7135  0.64864  -0.23305
0.11575  -0.28044  0.36065  1.7147  0.64749  -0.23295
0.11557  -0.28055  0.36044  1.716  0.64635  -0.23285
0.11539  -0.28066  0.36023  1.7172  0.64521  -0.23275
0.11521  -0.28077  0.36003  1.7184  0.64408  -0.23264
0.11503  -0.28088  0.35982  1.7197  0.64294  -0.23253
0.11485  -0.28099  0.35961  1.7209  0.6418  -0.23242
0.11467  -0.2811  0.3594  1.7222  0.64066  -0.23231
0.11448  -0.28121  0.35919  1.7234  0.63953  -0.2322
0.11431  -0.28132  0.35898  1.7246  0.6384  -0.23209
0.11412  -0.28143  0.35877  1.7258  0.63727  -0.23198
0.11394  -0.28154  0.35857  1.7271  0.63614  -0.23186
0.11376  -0.28164  0.35836  1.7283  0.63502  -0.23174
0.11358  -0.28175  0.35815  1.7295  0.6339  -0.23163
0.1134  -0.28185  0.35795  1.7307  0.63278  -0.2315
0.11322  -0.28196  0.35774  1.7319  0.63166  -0.23138
0.11304  -0.28206  0.35753  1.7331  0.63053  -0.23126
0.11286  -0.28217  0.35732  1.7344  0.62941  -0.23114
0.11268  -0.28227  0.35712  1.7356  0.6283  -0.23102
0.11251  -0.28237  0.35691  1.7368  0.62719  -0.23089
0.11233  -0.28247  0.35671  1.738  0.62608  -0.23076
0.11215  -0.28258  0.3565  1.7392  0.62497  -0.23064
0.11197  -0.28268  0.3563  1.7403  0.62387  -0.23051
0.11179  -0.28278  0.35609  1.7415  0.62276  -0.23037
0.11161  -0.28288  0.35588  1.7427  0.62165  -0.23024
0.11143  -0.28298  0.35568  1.7439  0.62054  -0.23011
0.11125  -0.28308  0.35547  1.7451  0.61944  -0.22998
0.11108  -0.28317  0.35527  1.7463  0.61835  -0.22984
0.1109  -0.28327  0.35507  1.7475  0.61725  -0.22971
0.11072  -0.28337  0.35486  1.7486  0.61615  -0.22957
0.11054  -0.28347  0.35466  1.7498  0.61506  -0.22943
0.11037  -0.28356  0.35446  1.751  0.61398  -0.22929
0.11019  -0.28366  0.35425  1.7521  0.61289  -0.22915
0.11001  -0.28375  0.35405  1.7533  0.6118  -0.22901
0.10984  -0.28385  0.35385  1.7545  0.61071  -0.22887
0.10966  -0.28394  0.35364  1.7556  0.60962  -0.22872
0.10949  -0.28404  0.35344  1.7568  0.60855  -0.22858
0.10931  -0.28413  0.35324  1.7579  0.60747  -0.22843
0.10913  -0.28422  0.35304  1.7591  0.60639  -0.22829
0.10896  -0.28432  0.35284  1.7602  0.60532  -0.22814
0.10879  -0.28441  0.35264  1.7614  0.60425  -0.22799
0.10861  -0.2845  0.35244  1.7625  0.60319  -0.22784
0.10844  -0.28459  0.35224  1.7637  0.60211  -0.22769
0.10826  -0.28468  0.35203  1.7648  0.60104  -0.22754
0.10809  -0.28477  0.35183  1.7659  0.59998  -0.22739
0.10791  -0.28486  0.35164  1.7671  0.59892  -0.22724
0.10774  -0.28495  0.35144  1.7682  0.59786  -0.22709
0.10757  -0.28503  0.35124  1.7693  0.59681  -0.22693
0.10739  -0.28512  0.35104  1.7704  0.59575  -0.22678
0.10722  -0.28521  0.35084  1.7715  0.59471  -0.22662
0.10705  -0.28529  0.35065  1.7726  0.59366  -0.22646
0.10688  -0.28538  0.35045  1.7738  0.59261  -0.2263
0.1067  -0.28547  0.35025  1.7749  0.59156  -0.22615
0.10653  -0.28555  0.35005  1.776  0.59052  -0.22599
0.10636  -0.28564  0.34986  1.7771  0.58948  -0.22583
0.10619  -0.28572  0.34966  1.7782  0.58844  -0.22567
0.10602  -0.2858  0.34946  1.7793  0.5874  -0.2255
0.10585  -0.28589  0.34927  1.7804  0.58637  -0.22534
0.10568  -0.28597  0.34908  1.7815  0.58534  -0.22518
0.10551  -0.28605  0.34888  1.7825  0.58432  -0.22502
0.10534  -0.28613  0.34869  1.7836  0.58329  -0.22485
0.10517  -0.28622  0.34849  1.7847  0.58227  -0.22469
0.105  -0.2863  0.3483  1.7858  0.58125  -0.22453
0.10484  -0.28638  0.34811  1.7869  0.58024  -0.22436
0.10467  -0.28646  0.34792  1.7879  0.57922  -0.2242
0.1045  -0.28654  0.34772  1.789  0.57821  -0.22403
0.10433  -0.28661  0.34753  1.7901  0.5772  -0.22386
0.10417  -0.28669  0.34734  1.7911  0.57619  -0.22369
0.104  -0.28677  0.34715  1.7922  0.57519  -0.22352
0.10383  -0.28685  0.34696  1.7932  0.57417  -0.22335
0.10366  -0.28692  0.34676  1.7943  0.57316  -0.22318
0.1035  -0.287  0.34657  1.7954  0.57216  -0.22301
0.10333  -0.28708  0.34639  1.7964  0.57117  -0.22284
0.10317  -0.28715  0.3462  1.7975  0.57018  -0.22266
0.103  -0.28723  0.34601  1.7985  0.56918  -0.22249
0.10284  -0.2873  0.34582  1.7995  0.5682  -0.22232
0.10267  -0.28737  0.34563  1.8006  0.56722  -0.22214
0.10251  -0.28745  0.34544  1.8016  0.56623  -0.22197
0.10235  -0.28752  0.34525  1.8026  0.56525  -0.22179
0.10218  -0.28759  0.34507  1.8037  0.56426  -0.22162
0.10202  -0.28767  0.34488  1.8047  0.56329  -0.22144
0.10186  -0.28774  0.34469  1.8057  0.56232  -0.22127
0.10169  -0.28781  0.34451  1.8067  0.56135  -0.22109
0.10153  -0.28788  0.34432  1.8077  0.56038  -0.22091
0.10137  -0.28795  0.34414  1.8087  0.55941  -0.22073
0.10121  -0.28802  0.34396  1.8097  0.55846  -0.22056
0.10105  -0.28809  0.34377  1.8108  0.5575  -0.22038
0.10089  -0.28816  0.34359  1.8118  0.55653  -0.2202
0.10073  -0.28823  0.3434  1.8128  0.55557  -0.22002
0.10057  -0.2883  0.34322  1.8138  0.55462  -0.21984
0.10041  -0.28836  0.34304  1.8148  0.55367  -0.21966
0.10025  -0.28843  0.34285  1.8157  0.55272  -0.21948
0.10009  -0.2885  0.34267  1.8167  0.55177  -0.2193
0.099931  -0.28856  0.34249  1.8177  0.55084  -0.21911
0.099773  -0.28863  0.34231  1.8187  0.5499  -0.21893
0.099616  -0.28869  0.34213  1.8197  0.54896  -0.21875
0.099457  -0.28876  0.34195  1.8206  0.54802  -0.21857
0.099299  -0.28882  0.34177  1.8216  0.54709  -0.21838
0.099142  -0.28889  0.34159  1.8226  0.54616  -0.2182
0.098987  -0.28895  0.34141  1.8236  0.54523  -0.21802
0.098831  -0.28901  0.34123  1.8245  0.54431  -0.21783
0.098675  -0.28908  0.34105  1.8255  0.54339  -0.21765
0.09852  -0.28914  0.34088  1.8264  0.54247  -0.21746
0.098366  -0.2892  0.3407  1.8274  0.54156  -0.21728
0.098212  -0.28926  0.34053  1.8283  0.54065  -0.21709
0.098057  -0.28932  0.34035  1.8293  0.53974  -0.21691
0.097903  -0.28939  0.34017  1.8302  0.53882  -0.21672
0.09775  -0.28945  0.34  1.8312  0.53792  -0.21653
0.097597  -0.28951  0.33982  1.8321  0.53702  -0.21635
0.097445  -0.28957  0.33965  1.8331  0.53612  -0.21616
0.097293  -0.28962  0.33947  1.834  0.53523  -0.21598
0.097142  -0.28968  0.3393  1.8349  0.53434  -0.21579
0.096992  -0.28974  0.33913  1.8358  0.53346  -0.2156
0.096842  -0.2898  0.33896  1.8367  0.53257  -0.21542
0.096692  -0.28985  0.33878  1.8377  0.53169  -0.21523
0.096541  -0.28991  0.33861  1.8386  0.5308  -0.21504
0.096392  -0.28997  0.33844  1.8395  0.52992  -0.21485
0.096244  -0.29002  0.33827  1.8404  0.52905  -0.21467
0.096096  -0.29008  0.3381  1.8413  0.52818  -0.21448
0.095948  -0.29014  0.33793  1.8422  0.52731  -0.21429
0.095801  -0.29019  0.33776  1.8431  0.52645  -0.21411
0.095656  -0.29024  0.33759  1.844  0.5256  -0.21392
0.09551  -0.2903  0.33743  1.8449  0.52474  -0.21374
0.095363  -0.29035  0.33726  1.8458  0.52388  -0.21355
0.095217  -0.29041  0.33709  1.8467  0.52302  -0.21336
0.095073  -0.29046  0.33692  1.8476  0.52218  -0.21318
0.094929  -0.29051  0.33676  1.8484  0.52133  -0.21299
0.094785  -0.29056  0.33659  1.8493  0.52049  -0.2128
0.094642  -0.29062  0.33643  1.8502  0.51965  -0.21262
0.0945  -0.29067  0.33627  1.8511  0.51882  -0.21243
0.094358  -0.29072  0.3361  1.8519  0.51799  -0.21225
0.094216  -0.29077  0.33594  1.8528  0.51716  -0.21206
0.094074  -0.29082  0.33578  1.8536  0.51633  -0.21188
0.093933  -0.29087  0.33561  1.8545  0.5155  -0.2117
0.093792  -0.29092  0.33545  1.8554  0.51468  -0.21151
0.093653  -0.29097  0.33529  1.8562  0.51387  -0.21133
0.093514  -0.29102  0.33513  1.8571  0.51306  -0.21114
0.093375  -0.29107  0.33497  1.8579  0.51225  -0.21096
0.093238  -0.29112  0.33481  1.8587  0.51145  -0.21078
0.093101  -0.29116  0.33466  1.8596  0.51065  -0.2106
0.092965  -0.29121  0.3345  1.8604  0.50985  -0.21042
0.092828  -0.29126  0.33434  1.8612  0.50905  -0.21024
0.092691  -0.29131  0.33418  1.8621  0.50826  -0.21006
0.092556  -0.29135  0.33402  1.8629  0.50747  -0.20988
0.092422  -0.2914  0.33387  1.8637  0.50669  -0.2097
0.092288  -0.29145  0.33371  1.8645  0.5059  -0.20952
0.092155  -0.29149  0.33356  1.8653  0.50513  -0.20934
0.092023  -0.29154  0.3334  1.8662  0.50436  -0.20916
0.091892  -0.29158  0.33325  1.867  0.5036  -0.20899
0.091761  -0.29163  0.3331  1.8678  0.50283  -0.20881
0.091631  -0.29167  0.33295  1.8686  0.50207  -0.20864
0.0915  -0.29172  0.33279  1.8694  0.50131  -0.20846
0.091371  -0.29176  0.33264  1.8702  0.50056  -0.20829
0.091242  -0.29181  0.33249  1.8709  0.49981  -0.20811
0.091115  -0.29185  0.33234  1.8717  0.49906  -0.20794
0.090988  -0.29189  0.33219  1.8725  0.49832  -0.20777
0.090862  -0.29194  0.33204  1.8733  0.49758  -0.2076
0.090737  -0.29198  0.33189  1.8741  0.49686  -0.20743
0.090613  -0.29202  0.33175  1.8748  0.49613  -0.20727
0.090489  -0.29206  0.3316  1.8756  0.4954  -0.2071
0.090365  -0.29211  0.33145  1.8764  0.49468  -0.20693
0.090242  -0.29215  0.3313  1.8772  0.49396  -0.20677
0.090121  -0.29219  0.33116  1.8779  0.49325  -0.2066
0.09  -0.29223  0.33101  1.8787  0.49254  -0.20644
0.08988  -0.29227  0.33087  1.8794  0.49184  -0.20627
0.089762  -0.29231  0.33073  1.8802  0.49114  -0.20611
0.089645  -0.29235  0.33058  1.8809  0.49045  -0.20595
0.089529  -0.29239  0.33044  1.8817  0.48977  -0.2058
0.089412  -0.29243  0.3303  1.8824  0.48908  -0.20564
0.089296  -0.29247  0.33016  1.8832  0.48839  -0.20548
0.089181  -0.29251  0.33002  1.8839  0.48772  -0.20533
0.089068  -0.29255  0.32988  1.8846  0.48705  -0.20517
0.088955  -0.29258  0.32974  1.8854  0.48638  -0.20502
0.088844  -0.29262  0.3296  1.8861  0.48572  -0.20487
0.088733  -0.29266  0.32946  1.8868  0.48507  -0.20472
0.088624  -0.2927  0.32932  1.8875  0.48442  -0.20457
0.088516  -0.29273  0.32918  1.8883  0.48378  -0.20442
0.088409  -0.29277  0.32905  1.889  0.48314  -0.20428
0.088301  -0.29281  0.32891  1.8897  0.4825  -0.20413
0.088195  -0.29284  0.32877  1.8904  0.48186  -0.20399
0.08809  -0.29288  0.32864  1.8911  0.48124  -0.20384
0.087986  -0.29292  0.32851  1.8918  0.48061  -0.2037
0.087883  -0.29295  0.32837  1.8925  0.48  -0.20356
0.087782  -0.29299  0.32824  1.8932  0.47939  -0.20343
0.087681  -0.29302  0.32811  1.8939  0.47879  -0.20329
0.087582  -0.29306  0.32798  1.8946  0.47819  -0.20316
0.087483  -0.29309  0.32784  1.8953  0.47759  -0.20303
0.087383  -0.29313  0.32771  1.896  0.47699  -0.20289
0.087286  -0.29316  0.32758  1.8966  0.4764  -0.20276
0.087189  -0.29319  0.32745  1.8973  0.47582  -0.20263
0.087094  -0.29323  0.32732  1.898  0.47524  -0.2025
0.087001  -0.29326  0.32719  1.8987  0.47467  -0.20238
0.086908  -0.29329  0.32707  1.8993  0.47411  -0.20225
0.086817  -0.29333  0.32694  1.9  0.47355  -0.20213
0.086727  -0.29336  0.32681  1.9007  0.473  -0.20201
0.086637  -0.29339  0.32669  1.9013  0.47244  -0.20189
0.086547  -0.29343  0.32656  1.902  0.47189  -0.20178
0.086459  -0.29346  0.32643  1.9026  0.47135  -0.20166
0.086372  -0.29349  0.32631  1.9033  0.47081  -0.20154
0.086286  -0.29352  0.32619  1.9039  0.47028  -0.20143
0.086202  -0.29355  0.32606  1.9046  0.46976  -0.20132
0.086119  -0.29359  0.32594  1.9052  0.46924  -0.20121
0.086037  -0.29362  0.32582  1.9059  0.46873  -0.2011
0.085956  -0.29365  0.3257  1.9065  0.46822  -0.201
0.085876  -0.29368  0.32558  1.9071  0.46772  -0.20089
0.085795  -0.29371  0.32545  1.9078  0.46721  -0.20079
0.085716  -0.29374  0.32533  1.9084  0.46672  -0.20068
0.085639  -0.29377  0.32522  1.909  0.46623  -0.20058
0.085562  -0.2938  0.3251  1.9097  0.46574  -0.20048
0.085488  -0.29383  0.32498  1.9103  0.46526  -0.20039
0.085414  -0.29386  0.32486  1.9109  0.4648  -0.20029
0.085343  -0.29389  0.32474  1.9115  0.46433  -0.2002
0.085272  -0.29392  0.32463  1.9121  0.46388  -0.20011
0.085201  -0.29395  0.32451  1.9127  0.46342  -0.20002
0.085131  -0.29398  0.32439  1.9133  0.46296  -0.19994
0.085062  -0.29401  0.32428  1.9139  0.46252  -0.19985
0.084994  -0.29404  0.32417  1.9145  0.46208  -0.19976
0.084928  -0.29406  0.32405  1.9151  0.46164  -0.19968
0.084864  -0.29409  0.32394  1.9157  0.46121  -0.1996
0.0848  -0.29412  0.32383  1.9163  0.46079  -0.19952
0.084738  -0.29415  0.32372  1.9169  0.46038  -0.19944
0.084678  -0.29418  0.3236  1.9175  0.45997  -0.19937
0.084617  -0.2942  0.32349  1.9181  0.45956  -0.1993
0.084557  -0.29423  0.32338  1.9187  0.45915  -0.19922
0.084498  -0.29426  0.32327  1.9193  0.45875  -0.19915
0.08444  -0.29429  0.32316  1.9198  0.45836  -0.19908
0.084384  -0.29431  0.32305  1.9204  0.45797  -0.19901
0.084329  -0.29434  0.32294  1.921  0.45759  -0.19895
0.084276  -0.29437  0.32283  1.9215  0.45722  -0.19888
0.084224  -0.29439  0.32273  1.9221  0.45686  -0.19882
0.084173  -0.29442  0.32262  1.9227  0.4565  -0.19876
0.084122  -0.29445  0.32251  1.9232  0.45613  -0.19871
0.084072  -0.29448  0.3224  1.9238  0.45578  -0.19865
0.084023  -0.2945  0.3223  1.9244  0.45542  -0.19859
0.083975  -0.29453  0.32219  1.9249  0.45508  -0.19854
0.083929  -0.29455  0.32209  1.9255  0.45474  -0.19849
0.083884  -0.29458  0.32198  1.926  0.45441  -0.19844
0.08384  -0.2946  0.32188  1.9266  0.45408  -0.19839
0.083797  -0.29463  0.32178  1.9271  0.45376  -0.19834
0.083755  -0.29466  0.32167  1.9277  0.45344  -0.1983
0.083714  -0.29468  0.32157  1.9282  0.45313  -0.19826
0.083673  -0.29471  0.32147  1.9288  0.45281  -0.19821
0.083633  -0.29473  0.32137  1.9293  0.45251  -0.19817
0.083594  -0.29476  0.32126  1.9298  0.45221  -0.19813
0.083557  -0.29479  0.32116  1.9304  0.45191  -0.19809
0.083521  -0.29481  0.32106  1.9309  0.45162  -0.19806
0.083487  -0.29484  0.32096  1.9314  0.45134  -0.19803
0.083454  -0.29486  0.32086  1.932  0.45107  -0.198
0.083422  -0.29488  0.32076  1.9325  0.4508  -0.19797
0.083391  -0.29491  0.32066  1.933  0.45053  -0.19794
0.08336  -0.29494  0.32056  1.9335  0.45027  -0.19791
0.08333  -0.29496  0.32047  1.9341  0.45001  -0.19789
0.083301  -0.29498  0.32037  1.9346  0.44976  -0.19786
0.083274  -0.29501  0.32027  1.9351  0.44951  -0.19784
0.083248  -0.29503  0.32018  1.9356  0.44927  -0.19782
0.083224  -0.29506  0.32008  1.9361  0.44904  -0.1978
0.0832  -0.29508  0.31998  1.9366  0.44881  -0.19779
0.083178  -0.29511  0.31989  1.9371  0.44859  -0.19777
0.083155  -0.29513  0.31979  1.9376  0.44836  -0.19776
0.083133  -0.29515  0.3197  1.9381  0.44814  -0.19775
0.083112  -0.29518  0.3196  1.9386  0.44793  -0.19773
0.083092  -0.2952  0.31951  1.9391  0.44772  -0.19772
0.083074  -0.29523  0.31941  1.9396  0.44752  -0.19772
0.083057  -0.29525  0.31932  1.9401  0.44732  -0.19771
0.083042  -0.29527  0.31923  1.9406  0.44713  -0.19771
0.083027  -0.2953  0.31914  1.9411  0.44695  -0.19771
0.083014  -0.29532  0.31904  1.9416  0.44677  -0.19771
0.083001  -0.29534  0.31895  1.9421  0.44659  -0.19771
0.082987  -0.29537  0.31886  1.9426  0.44641  -0.19771
0.082974  -0.29539  0.31877  1.9431  0.44623  -0.1977
0.08296  -0.29542  0.31867  1.9436  0.44605  -0.1977
0.082949  -0.29544  0.31858  1.9441  0.44588  -0.19771
0.08294  -0.29546  0.31849  1.9445  0.44572  -0.19771
0.082933  -0.29549  0.3184  1.945  0.44558  -0.19772
0.082927  -0.29551  0.31831  1.9455  0.44544  -0.19773
0.082922  -0.29553  0.31822  1.946  0.4453  -0.19775
0.082917  -0.29556  0.31813  1.9464  0.44516  -0.19776
0.082912  -0.29558  0.31804  1.9469  0.44502  -0.19777
0.082908  -0.2956  0.31795  1.9474  0.44489  -0.19778
0.082906  -0.29563  0.31786  1.9478  0.44477  -0.1978
0.082904  -0.29565  0.31777  1.9483  0.44465  -0.19782
0.082904  -0.29567  0.31769  1.9488  0.44454  -0.19784
0.082905  -0.2957  0.3176  1.9492  0.44443  -0.19786
0.082907  -0.29572  0.31751  1.9497  0.44433  -0.19788
0.082909  -0.29574  0.31743  1.9501  0.44423  -0.19791
0.082912  -0.29577  0.31734  1.9506  0.44413  -0.19793
0.082915  -0.29579  0.31725  1.9511  0.44403  -0.19795
0.082919  -0.29581  0.31717  1.9515  0.44394  -0.19798
0.082923  -0.29583  0.31708  1.952  0.44385  -0.19801
0.082929  -0.29586  0.31699  1.9524  0.44377  -0.19804
0.082936  -0.29588  0.31691  1.9529  0.44369  -0.19807
0.082944  -0.2959  0.31682  1.9533  0.44362  -0.1981
0.082954  -0.29593  0.31674  1.9538  0.44356  -0.19813
0.082963  -0.29595  0.31665  1.9542  0.44349  -0.19816
0.082973  -0.29597  0.31657  1.9547  0.44343  -0.1982
0.082983  -0.296  0.31648  1.9551  0.44337  -0.19823
0.082995  -0.29602  0.3164  1.9555  0.44332  -0.19827
0.083007  -0.29604  0.31632  1.956  0.44327  -0.19831
0.083021  -0.29607  0.31623  1.9564  0.44322  -0.19835
0.083035  -0.29609  0.31615  1.9569  0.44319  -0.19839
0.083051  -0.29611  0.31607  1.9573  0.44315  -0.19843
0.083067  -0.29613  0.31598  1.9577  0.44312  -0.19847
0.083084  -0.29616  0.3159  1.9582  0.4431  -0.19852
0.0831  -0.29618  0.31582  1.9586  0.44307  -0.19856
0.083118  -0.29621  0.31573  1.959  0.44304  -0.19861
0.083136  -0.29623  0.31565  1.9595  0.44303  -0.19865
0.083156  -0.29625  0.31557  1.9599  0.44301  -0.1987
0.083176  -0.29627  0.31549  1.9603  0.443  -0.19875
0.083197  -0.2963  0.31541  1.9607  0.443  -0.1988
0.08322  -0.29632  0.31533  1.9612  0.443  -0.19885
0.083243  -0.29634  0.31524  1.9616  0.44301  -0.19891
0.083266  -0.29637  0.31516  1.962  0.44302  -0.19896
0.083289  -0.29639  0.31508  1.9624  0.44302  -0.19901
0.083313  -0.29642  0.315  1.9629  0.44304  -0.19907
0.083339  -0.29644  0.31492  1.9633  0.44306  -0.19912
0.083365  -0.29646  0.31484  1.9637  0.44308  -0.19918
0.083391  -0.29649  0.31476  1.9641  0.4431  -0.19924
0.083419  -0.29651  0.31468  1.9645  0.44314  -0.1993
0.083448  -0.29653  0.3146  1.9649  0.44318  -0.19936
0.083478  -0.29656  0.31452  1.9653  0.44322  -0.19942
0.083508  -0.29658  0.31444  1.9657  0.44326  -0.19948
0.083537  -0.29661  0.31436  1.9661  0.4433  -0.19955
0.083568  -0.29663  0.31428  1.9665  0.44335  -0.19961
0.0836  -0.29665  0.31421  1.9669  0.4434  -0.19967
0.083632  -0.29668  0.31413  1.9673  0.44346  -0.19974
0.083665  -0.2967  0.31405  1.9677  0.44352  -0.19981
0.083699  -0.29673  0.31397  1.9681  0.44358  -0.19987
0.083734  -0.29675  0.31389  1.9685  0.44366  -0.19994
0.08377  -0.29677  0.31382  1.9689  0.44373  -0.20001
0.083805  -0.2968  0.31374  1.9693  0.4438  -0.20008
0.083841  -0.29682  0.31366  1.9697  0.44388  -0.20015
0.083877  -0.29685  0.31358  1.9701  0.44396  -0.20022
0.083915  -0.29687  0.3135  1.9705  0.44404  -0.2003
0.083954  -0.2969  0.31343  1.9709  0.44413  -0.20037
0.083992  -0.29692  0.31335  1.9713  0.44423  -0.20044
0.084032  -0.29695  0.31327  1.9717  0.44432  -0.20052
0.084073  -0.29697  0.31319  1.9721  0.44443  -0.2006
0.084114  -0.297  0.31312  1.9724  0.44453  -0.20067
0.084155  -0.29702  0.31304  1.9728  0.44464  -0.20075
0.084196  -0.29705  0.31296  1.9732  0.44474  -0.20082
0.084238  -0.29707  0.31288  1.9736  0.44485  -0.2009
0.084281  -0.2971  0.31281  1.974  0.44497  -0.20098
0.084325  -0.29712  0.31273  1.9744  0.44508  -0.20106
0.084369  -0.29715  0.31265  1.9748  0.4452  -0.20114
0.084413  -0.29717  0.31258  1.9751  0.44533  -0.20122
0.084459  -0.2972  0.3125  1.9755  0.44546  -0.2013
0.084505  -0.29722  0.31242  1.9759  0.44559  -0.20139
0.084551  -0.29725  0.31234  1.9763  0.44572  -0.20147
0.084597  -0.29727  0.31227  1.9767  0.44585  -0.20155
0.084644  -0.2973  0.31219  1.9771  0.44599  -0.20163
0.084692  -0.29732  0.31211  1.9774  0.44613  -0.20171
0.08474  -0.29735  0.31203  1.9778  0.44628  -0.2018
0.084788  -0.29738  0.31196  1.9782  0.44642  -0.20188
0.084837  -0.2974  0.31188  1.9786  0.44657  -0.20197
0.084887  -0.29743  0.3118  1.9789  0.44673  -0.20205
0.084938  -0.29745  0.31172  1.9793  0.44688  -0.20214
0.084987  -0.29748  0.31164  1.9797  0.44703  -0.20222
0.085037  -0.29751  0.31156  1.9801  0.44719  -0.20231
0.085088  -0.29753  0.31148  1.9805  0.44734  -0.20239
0.08514  -0.29756  0.31141  1.9809  0.44751  -0.20248
0.085192  -0.29759  0.31133  1.9812  0.44767  -0.20257
0.085243  -0.29761  0.31125  1.9816  0.44784  -0.20266
0.085296  -0.29764  0.31117  1.982  0.44801  -0.20274
0.085349  -0.29767  0.31109  1.9824  0.44818  -0.20283
0.085403  -0.29769  0.31101  1.9828  0.44836  -0.20292
0.085455  -0.29772  0.31093  1.9831  0.44853  -0.20301
0.085508  -0.29775  0.31084  1.9835  0.4487  -0.20309
0.085562  -0.29778  0.31076  1.9839  0.44888  -0.20318
0.085616  -0.29781  0.31068  1.9843  0.44906  -0.20327
0.085671  -0.29783  0.3106  1.9847  0.44924  -0.20336
0.085725  -0.29786  0.31052  1.9851  0.44942  -0.20345
0.085779  -0.29789  0.31044  1.9855  0.4496  -0.20353
0.085835  -0.29792  0.31035  1.9858  0.44979  -0.20363
0.08589  -0.29795  0.31027  1.9862  0.44998  -0.20371
0.085945  -0.29798  0.31019  1.9866  0.45016  -0.2038
0.085999  -0.29801  0.3101  1.987  0.45034  -0.20389
0.086054  -0.29803  0.31002  1.9874  0.45053  -0.20397
0.086111  -0.29806  0.30993  1.9878  0.45073  -0.20406
0.086167  -0.29809  0.30985  1.9882  0.45092  -0.20415
0.086222  -0.29812  0.30976  1.9886  0.45111  -0.20424
0.086279  -0.29815  0.30968  1.989  0.45131  -0.20433
0.086336  -0.29818  0.30959  1.9894  0.45151  -0.20442
0.086393  -0.29821  0.3095  1.9898  0.45171  -0.2045
0.086448  -0.29824  0.30941  1.9902  0.4519  -0.20459
0.086504  -0.29827  0.30933  1.9906  0.4521  -0.20467
0.086561  -0.2983  0.30924  1.991  0.4523  -0.20476
0.086619  -0.29834  0.30915  1.9914  0.4525  -0.20485
0.086676  -0.29837  0.30906  1.9918  0.4527  -0.20494
0.086733  -0.2984  0.30897  1.9922  0.45291  -0.20502
0.08679  -0.29843  0.30888  1.9926  0.45311  -0.20511
0.086849  -0.29846  0.30879  1.993  0.45332  -0.2052
0.086906  -0.29849  0.3087  1.9934  0.45352  -0.20528
0.086963  -0.29852  0.30861  1.9938  0.45373  -0.20536
0.08702  -0.29856  0.30851  1.9943  0.45393  -0.20545
0.087078  -0.29859  0.30842  1.9947  0.45414  -0.20553
0.087136  -0.29862  0.30833  1.9951  0.45435  -0.20562
0.087194  -0.29865  0.30824  1.9955  0.45456  -0.2057
0.087251  -0.29869  0.30814  1.9959  0.45477  -0.20579
0.08731  -0.29872  0.30804  1.9963  0.45498  -0.20587
0.087368  -0.29875  0.30795  1.9968  0.4552  -0.20596
0.087426  -0.29878  0.30785  1.9972  0.45541  -0.20604
0.087483  -0.29882  0.30775  1.9976  0.45562  -0.20612
0.087541  -0.29885  0.30766  1.998  0.45583  -0.2062
0.087599  -0.29889  0.30756  1.9985  0.45604  -0.20628
0.087658  -0.29892  0.30746  1.9989  0.45626  -0.20637
0.087716  -0.29895  0.30736  1.9993  0.45648  -0.20645
0.087774  -0.29899  0.30726  1.9998  0.45669  -0.20653
0.087832  -0.29902  0.30716  2.0002  0.45691  -0.20661
0.087891  -0.29906  0.30706  2.0006  0.45713  -0.20669
0.087949  -0.29909  0.30696  2.0011  0.45735  -0.20677
0.088006  -0.29913  0.30686  2.0015  0.45756  -0.20685
0.088064  -0.29916  0.30675  2.002  0.45778  -0.20692
0.088122  -0.2992  0.30665  2.0024  0.458  -0.207
0.088181  -0.29923  0.30655  2.0029  0.45822  -0.20708
0.088239  -0.29927  0.30644  2.0033  0.45844  -0.20716
0.088297  -0.2993  0.30634  2.0038  0.45866  -0.20724
0.088355  -0.29934  0.30623  2.0042  0.45888  -0.20731
0.088414  -0.29938  0.30613  2.0047  0.4591  -0.20739
0.088472  -0.29941  0.30602  2.0051  0.45932  -0.20746
0.088529  -0.29945  0.30591  2.0056  0.45954  -0.20754
0.088587  -0.29949  0.3058  2.0061  0.45976  -0.20761
0.088645  -0.29952  0.30569  2.0065  0.45999  -0.20768
0.088704  -0.29956  0.30558  2.007  0.46021  -0.20776
0.088762  -0.2996  0.30547  2.0075  0.46044  -0.20783
0.088819  -0.29963  0.30536  2.0079  0.46066  -0.2079
0.088877  -0.29967  0.30525  2.0084  0.46088  -0.20798
0.088936  -0.29971  0.30514  2.0089  0.46111  -0.20805
0.088993  -0.29975  0.30502  2.0094  0.46134  -0.20812
0.089051  -0.29979  0.30491  2.0098  0.46156  -0.20819
0.089108  -0.29983  0.30479  2.0103  0.46178  -0.20826
0.089165  -0.29986  0.30468  2.0108  0.46201  -0.20833
0.089224  -0.2999  0.30457  2.0113  0.46224  -0.2084
0.089281  -0.29994  0.30445  2.0118  0.46246  -0.20847
0.089338  -0.29998  0.30433  2.0123  0.46269  -0.20854
0.089395  -0.30002  0.30421  2.0127  0.46291  -0.2086
0.089452  -0.30006  0.30409  2.0132  0.46314  -0.20867
0.089509  -0.3001  0.30397  2.0137  0.46336  -0.20873
0.089564  -0.30014  0.30385  2.0142  0.46358  -0.20879
0.08962  -0.30018  0.30373  2.0148  0.46381  -0.20886
0.089677  -0.30022  0.30361  2.0153  0.46403  -0.20892
0.089735  -0.30026  0.30349  2.0158  0.46427  -0.20899
0.089792  -0.3003  0.30336  2.0163  0.4645  -0.20905
0.089849  -0.30034  0.30324  2.0168  0.46472  -0.20911
0.089906  -0.30039  0.30312  2.0173  0.46495  -0.20918
0.089963  -0.30043  0.30299  2.0178  0.46519  -0.20924
0.09002  -0.30047  0.30287  2.0183  0.46542  -0.2093
0.090076  -0.30051  0.30274  2.0188  0.46565  -0.20936
0.090132  -0.30055  0.30261  2.0193  0.46588  -0.20942
0.090189  -0.30059  0.30248  2.0198  0.46611  -0.20948
0.090245  -0.30064  0.30236  2.0204  0.46634  -0.20954
0.090302  -0.30068  0.30223  2.0209  0.46657  -0.2096
0.090357  -0.30072  0.3021  2.0214  0.4668  -0.20965
0.090414  -0.30077  0.30197  2.0219  0.46704  -0.20971
0.09047  -0.30081  0.30184  2.0225  0.46727  -0.20977
0.090526  -0.30085  0.30171  2.023  0.4675  -0.20982
0.090581  -0.3009  0.30157  2.0235  0.46773  -0.20988
0.090636  -0.30094  0.30144  2.0241  0.46796  -0.20993
0.090692  -0.30098  0.3013  2.0246  0.4682  -0.20998
0.090748  -0.30103  0.30117  2.0251  0.46843  -0.21004
0.090804  -0.30107  0.30104  2.0257  0.46867  -0.21009
0.090859  -0.30112  0.3009  2.0262  0.4689  -0.21014
0.090914  -0.30116  0.30076  2.0268  0.46914  -0.2102
0.090969  -0.30121  0.30063  2.0273  0.46937  -0.21025
0.091024  -0.30125  0.30049  2.0279  0.46961  -0.2103
0.091078  -0.3013  0.30035  2.0284  0.46984  -0.21035
0.091133  -0.30135  0.30021  2.029  0.47007  -0.2104
0.091188  -0.30139  0.30007  2.0295  0.47031  -0.21045
0.091243  -0.30144  0.29993  2.0301  0.47055  -0.2105
0.091298  -0.30149  0.29979  2.0306  0.47078  -0.21054
0.091352  -0.30153  0.29965  2.0312  0.47102  -0.21059
0.091406  -0.30158  0.2995  2.0318  0.47125  -0.21064
0.091461  -0.30163  0.29936  2.0323  0.47149  -0.21068
0.091515  -0.30167  0.29922  2.0329  0.47173  -0.21073
0.091568  -0.30172  0.29907  2.0335  0.47196  -0.21077
0.091621  -0.30177  0.29893  2.034  0.4722  -0.21082
0.091675  -0.30182  0.29878  2.0346  0.47244  -0.21086
0.091729  -0.30187  0.29864  2.0352  0.47268  -0.21091
0.091783  -0.30192  0.29849  2.0357  0.47291  -0.21095
0.091836  -0.30197  0.29834  2.0363  0.47315  -0.21099
0.091889  -0.30201  0.29819  2.0369  0.47339  -0.21103
0.091942  -0.30206  0.29804  2.0375  0.47363  -0.21107
0.091995  -0.30211  0.29789  2.0381  0.47387  -0.21111
0.092047  -0.30217  0.29774  2.0386  0.4741  -0.21115
0.0921  -0.30222  0.29759  2.0392  0.47434  -0.21119
0.092152  -0.30227  0.29744  2.0398  0.47458  -0.21123
0.092205  -0.30232  0.29729  2.0404  0.47482  -0.21127
0.092257  -0.30237  0.29713  2.041  0.47506  -0.21131
0.092309  -0.30242  0.29698  2.0416  0.4753  -0.21134
0.092361  -0.30247  0.29682  2.0422  0.47554  -0.21138
0.092412  -0.30252  0.29667  2.0428  0.47578  -0.21141
0.092464  -0.30258  0.29651  2.0434  0.47602  -0.21145
0.092515  -0.30263  0.29635  2.044  0.47625  -0.21148
0.092566  -0.30268  0.29619  2.0446  0.47649  -0.21151
0.092617  -0.30273  0.29604  2.0452  0.47673  -0.21155
0.092668  -0.30279  0.29588  2.0458  0.47697  -0.21158
0.092719  -0.30284  0.29572  2.0464  0.47721  -0.21161
0.092769  -0.3029  0.29556  2.047  0.47745  -0.21164
0.09282  -0.30295  0.2954  2.0476  0.47769  -0.21167
0.09287  -0.303  0.29524  2.0482  0.47793  -0.2117
0.09292  -0.30306  0.29507  2.0488  0.47817  -0.21173
0.09297  -0.30311  0.29491  2.0494  0.47841  -0.21175
0.093019  -0.30317  0.29474  2.0501  0.47865  -0.21178
0.093069  -0.30322  0.29458  2.0507  0.47889  -0.2118
0.093119  -0.30328  0.29442  2.0513  0.47914  -0.21183
0.093168  -0.30333  0.29425  2.0519  0.47938  -0.21185
0.093217  -0.30339  0.29408  2.0526  0.47962  -0.21188
0.093266  -0.30345  0.29391  2.0532  0.47986  -0.2119
0.093315  -0.3035  0.29375  2.0538  0.4801  -0.21192
0.093363  -0.30356  0.29358  2.0544  0.48034  -0.21194
0.093411  -0.30362  0.29341  2.0551  0.48058  -0.21196
0.093459  -0.30367  0.29323  2.0557  0.48082  -0.21198
0.093507  -0.30373  0.29306  2.0563  0.48106  -0.212
0.093555  -0.30379  0.29289  2.057  0.48129  -0.21201
0.093602  -0.30384  0.29272  2.0576  0.48153  -0.21203
0.093649  -0.3039  0.29255  2.0583  0.48177  -0.21205
0.093696  -0.30396  0.29237  2.0589  0.48201  -0.21206
0.093743  -0.30402  0.2922  2.0595  0.48225  -0.21207
0.093789  -0.30408  0.29202  2.0602  0.48249  -0.21208
0.093835  -0.30414  0.29184  2.0608  0.48273  -0.21209
0.09388  -0.3042  0.29167  2.0615  0.48296  -0.2121
0.093926  -0.30425  0.29149  2.0621  0.4832  -0.21211
0.093972  -0.30431  0.29131  2.0628  0.48344  -0.21212
0.094016  -0.30437  0.29113  2.0634  0.48367  -0.21213
0.094061  -0.30443  0.29095  2.0641  0.48391  -0.21213
0.094105  -0.30449  0.29077  2.0648  0.48414  -0.21214
0.094148  -0.30455  0.29059  2.0654  0.48437  -0.21214
0.094191  -0.30462  0.29041  2.0661  0.48461  -0.21214
0.094235  -0.30468  0.29023  2.0667  0.48484  -0.21214
0.094277  -0.30474  0.29004  2.0674  0.48508  -0.21214
0.09432  -0.3048  0.28986  2.0681  0.48531  -0.21214
0.094362  -0.30486  0.28968  2.0687  0.48554  -0.21214
0.094404  -0.30492  0.28949  2.0694  0.48577  -0.21214
0.094445  -0.30499  0.2893  2.0701  0.486  -0.21213
0.094485  -0.30505  0.28912  2.0707  0.48622  -0.21213
0.094525  -0.30511  0.28893  2.0714  0.48645  -0.21212
0.094564  -0.30517  0.28874  2.0721  0.48668  -0.21211
0.094604  -0.30524  0.28855  2.0728  0.4869  -0.2121
0.094643  -0.3053  0.28836  2.0734  0.48713  -0.21209
0.094682  -0.30537  0.28817  2.0741  0.48735  -0.21208
0.094719  -0.30543  0.28798  2.0748  0.48757  -0.21207
0.094757  -0.30549  0.28779  2.0755  0.48779  -0.21205
0.094793  -0.30556  0.2876  2.0762  0.48801  -0.21204
0.094829  -0.30562  0.28741  2.0768  0.48823  -0.21202
0.094864  -0.30569  0.28721  2.0775  0.48845  -0.212
0.0949  -0.30576  0.28702  2.0782  0.48866  -0.21198
0.094935  -0.30582  0.28682  2.0789  0.48888  -0.21196
0.09497  -0.30589  0.28663  2.0796  0.4891  -0.21194
0.095004  -0.30595  0.28643  2.0803  0.48931  -0.21191
0.095037  -0.30602  0.28623  2.081  0.48952  -0.21189
0.09507  -0.30609  0.28604  2.0817  0.48973  -0.21186
0.095102  -0.30616  0.28584  2.0824  0.48994  -0.21183
0.095133  -0.30622  0.28564  2.0831  0.49014  -0.2118
0.095163  -0.30629  0.28544  2.0837  0.49035  -0.21177
0.095193  -0.30636  0.28524  2.0844  0.49055  -0.21174
0.095223  -0.30643  0.28504  2.0851  0.49076  -0.21171
0.095253  -0.3065  0.28484  2.0858  0.49096  -0.21167
0.095282  -0.30657  0.28463  2.0865  0.49116  -0.21164
0.09531  -0.30663  0.28443  2.0872  0.49136  -0.2116
0.095338  -0.3067  0.28423  2.0879  0.49156  -0.21156
0.095365  -0.30677  0.28402  2.0887  0.49175  -0.21152
0.095391  -0.30684  0.28382  2.0894  0.49194  -0.21148
0.095416  -0.30691  0.28362  2.0901  0.49213  -0.21143
0.095441  -0.30698  0.28341  2.0908  0.49233  -0.21139
0.095467  -0.30706  0.2832  2.0915  0.49252  -0.21135
0.095492  -0.30713  0.28299  2.0922  0.49271  -0.2113
0.095515  -0.3072  0.28279  2.0929  0.4929  -0.21125
0.095538  -0.30727  0.28258  2.0936  0.49308  -0.2112
0.095561  -0.30734  0.28237  2.0943  0.49326  -0.21115
0.095582  -0.30741  0.28216  2.095  0.49345  -0.2111
0.095603  -0.30748  0.28195  2.0957  0.49362  -0.21104
0.095623  -0.30756  0.28174  2.0964  0.4938  -0.21099
0.095642  -0.30763  0.28153  2.0972  0.49398  -0.21093
0.095662  -0.3077  0.28132  2.0979  0.49415  -0.21087
0.095682  -0.30778  0.28111  2.0986  0.49433  -0.21082
0.0957  -0.30785  0.28089  2.0993  0.4945  -0.21076
0.095717  -0.30792  0.28068  2.1  0.49467  -0.21069
0.095735  -0.308  0.28047  2.1008  0.49484  -0.21063
0.095751  -0.30807  0.28025  2.1015  0.49501  -0.21057
0.095766  -0.30815  0.28004  2.1022  0.49517  -0.2105
0.09578  -0.30822  0.27982  2.1029  0.49533  -0.21043
0.095794  -0.3083  0.27961  2.1036  0.49549  -0.21036
0.095809  -0.30837  0.27939  2.1044  0.49565  -0.21029
0.095823  -0.30845  0.27917  2.1051  0.49582  -0.21022
0.095835  -0.30852  0.27896  2.1058  0.49597  -0.21015
0.095847  -0.3086  0.27874  2.1065  0.49612  -0.21007
0.095858  -0.30868  0.27852  2.1073  0.49628  -0.21
0.095869  -0.30875  0.2783  2.108  0.49643  -0.20992
0.095878  -0.30883  0.27808  2.1087  0.49657  -0.20984
0.095887  -0.30891  0.27786  2.1094  0.49672  -0.20976
0.095895  -0.30898  0.27764  2.1102  0.49686  -0.20968
0.095904  -0.30906  0.27742  2.1109  0.49701  -0.2096
0.095912  -0.30914  0.2772  2.1116  0.49715  -0.20952
0.095919  -0.30922  0.27697  2.1123  0.49729  -0.20943
0.095925  -0.3093  0.27675  2.1131  0.49743  -0.20935
0.09593  -0.30938  0.27653  2.1138  0.49757  -0.20926
0.095935  -0.30945  0.2763  2.1145  0.4977  -0.20917
0.095938  -0.30953  0.27608  2.1153  0.49783  -0.20908
0.095941  -0.30961  0.27586  2.116  0.49795  -0.20898
0.095944  -0.30969  0.27563  2.1167  0.49808  -0.20889
0.095947  -0.30977  0.2754  2.1175  0.49821  -0.2088
0.09595  -0.30985  0.27518  2.1182  0.49834  -0.20871
0.095951  -0.30993  0.27495  2.1189  0.49846  -0.20861
0.09595  -0.31001  0.27472  2.1197  0.49858  -0.20851
0.09595  -0.31009  0.2745  2.1204  0.4987  -0.20841
0.095949  -0.31018  0.27427  2.1211  0.49882  -0.20831
0.095946  -0.31026  0.27404  2.1219  0.49892  -0.20821
0.095943  -0.31034  0.27381  2.1226  0.49903  -0.20811
0.095941  -0.31042  0.27358  2.1234  0.49915  -0.208
0.095938  -0.3105  0.27335  2.1241  0.49926  -0.2079
0.095935  -0.31059  0.27312  2.1248  0.49937  -0.2078
0.095931  -0.31067  0.27289  2.1256  0.49947  -0.20769
0.095925  -0.31075  0.27266  2.1263  0.49958  -0.20758
0.09592  -0.31083  0.27243  2.1271  0.49968  -0.20747
0.095915  -0.31091  0.27219  2.1278  0.49978  -0.20736
0.095907  -0.311  0.27196  2.1285  0.49988  -0.20725
0.0959  -0.31108  0.27173  2.1293  0.49997  -0.20714
0.095893  -0.31116  0.2715  2.13  0.50007  -0.20703
0.095887  -0.31125  0.27126  2.1308  0.50017  -0.20692
0.095879  -0.31133  0.27103  2.1315  0.50027  -0.2068
0.09587  -0.31141  0.27079  2.1322  0.50036  -0.20669
0.09586  -0.3115  0.27056  2.133  0.50044  -0.20657
0.095851  -0.31158  0.27032  2.1337  0.50053  -0.20646
0.095841  -0.31167  0.27009  2.1345  0.50062  -0.20634
0.095829  -0.31175  0.26985  2.1352  0.5007  -0.20622
0.095816  -0.31184  0.26961  2.136  0.50078  -0.2061
0.095805  -0.31192  0.26938  2.1367  0.50086  -0.20598
0.095794  -0.31201  0.26914  2.1375  0.50095  -0.20586
0.095782  -0.31209  0.2689  2.1382  0.50103  -0.20574
0.095768  -0.31218  0.26866  2.139  0.5011  -0.20561
0.095754  -0.31226  0.26843  2.1397  0.50117  -0.20549
0.095741  -0.31235  0.26819  2.1404  0.50125  -0.20537
0.095727  -0.31243  0.26795  2.1412  0.50132  -0.20524
0.095711  -0.31252  0.26771  2.1419  0.50139  -0.20512
0.095696  -0.3126  0.26747  2.1427  0.50146  -0.20499
0.095681  -0.31269  0.26723  2.1434  0.50153  -0.20487
0.095667  -0.31278  0.26698  2.1442  0.5016  -0.20474
0.095651  -0.31286  0.26674  2.145  0.50167  -0.20462
0.095634  -0.31295  0.2665  2.1457  0.50173  -0.20449
0.095617  -0.31304  0.26626  2.1464  0.5018  -0.20436
0.095601  -0.31312  0.26602  2.1472  0.50186  -0.20423
0.095584  -0.31321  0.26577  2.148  0.50192  -0.2041
0.095565  -0.3133  0.26553  2.1487  0.50198  -0.20397
0.095547  -0.31338  0.26529  2.1495  0.50204  -0.20384
0.09553  -0.31347  0.26504  2.1502  0.5021  -0.20371
0.095513  -0.31356  0.2648  2.151  0.50216  -0.20358
0.095495  -0.31364  0.26455  2.1517  0.50222  -0.20346
0.095476  -0.31373  0.26431  2.1525  0.50227  -0.20332
0.095456  -0.31382  0.26407  2.1532  0.50232  -0.20319
0.095437  -0.31391  0.26382  2.154  0.50238  -0.20306
0.095418  -0.31399  0.26358  2.1547  0.50243  -0.20293
0.095397  -0.31408  0.26333  2.1555  0.50248  -0.2028
0.095377  -0.31417  0.26308  2.1562  0.50253  -0.20266
0.095358  -0.31426  0.26284  2.157  0.50258  -0.20253
0.095339  -0.31435  0.26259  2.1578  0.50264  -0.2024
0.095319  -0.31443  0.26234  2.1585  0.50269  -0.20227
0.095298  -0.31452  0.26209  2.1593  0.50273  -0.20214
0.095277  -0.31461  0.26185  2.16  0.50278  -0.202
0.095257  -0.3147  0.2616  2.1608  0.50283  -0.20187
0.095236  -0.31478  0.26135  2.1616  0.50288  -0.20174
0.095215  -0.31487  0.2611  2.1623  0.50292  -0.20161
0.095194  -0.31496  0.26085  2.1631  0.50297  -0.20147
0.095174  -0.31505  0.2606  2.1638  0.50302  -0.20134
0.095155  -0.31514  0.26035  2.1646  0.50307  -0.20121
0.095134  -0.31523  0.2601  2.1654  0.50311  -0.20108
0.095113  -0.31531  0.25985  2.1661  0.50315  -0.20095
0.095092  -0.3154  0.2596  2.1669  0.5032  -0.20082
0.095071  -0.31549  0.25935  2.1676  0.50324  -0.20069
0.095051  -0.31558  0.2591  2.1684  0.50329  -0.20056
0.095029  -0.31567  0.25885  2.1692  0.50333  -0.20043
0.095008  -0.31575  0.2586  2.1699  0.50337  -0.2003
0.094988  -0.31584  0.25834  2.1707  0.50342  -0.20017
0.094968  -0.31593  0.25809  2.1715  0.50346  -0.20004
0.094948  -0.31602  0.25784  2.1722  0.50351  -0.19992
0.094926  -0.31611  0.25759  2.173  0.50355  -0.19978
0.094905  -0.3162  0.25733  2.1737  0.50359  -0.19966
0.094886  -0.31628  0.25708  2.1745  0.50363  -0.19953
0.094866  -0.31637  0.25683  2.1753  0.50368  -0.1994
0.094845  -0.31646  0.25658  2.176  0.50372  -0.19927
0.094825  -0.31655  0.25632  2.1768  0.50376  -0.19915
0.094806  -0.31664  0.25607  2.1776  0.50381  -0.19902
0.094788  -0.31672  0.25581  2.1783  0.50386  -0.1989
0.094769  -0.31681  0.25556  2.1791  0.5039  -0.19878
0.094749  -0.3169  0.2553  2.1799  0.50394  -0.19865
0.094729  -0.31699  0.25505  2.1806  0.50399  -0.19853
0.094711  -0.31707  0.25479  2.1814  0.50403  -0.19841
0.094692  -0.31716  0.25454  2.1822  0.50408  -0.19828
0.094673  -0.31725  0.25428  2.1829  0.50412  -0.19816
0.094655  -0.31734  0.25403  2.1837  0.50417  -0.19804
0.094638  -0.31742  0.25377  2.1845  0.50422  -0.19792
0.094622  -0.31751  0.25351  2.1853  0.50427  -0.19781
0.094604  -0.3176  0.25325  2.186  0.50432  -0.19769
0.094586  -0.31768  0.253  2.1868  0.50436  -0.19757
0.094569  -0.31777  0.25274  2.1876  0.50441  -0.19745
0.094553  -0.31786  0.25248  2.1883  0.50446  -0.19734
0.094537  -0.31794  0.25223  2.1891  0.50451  -0.19722
0.094521  -0.31803  0.25197  2.1899  0.50456  -0.19711
0.094506  -0.31812  0.25171  2.1906  0.50461  -0.19699
0.094492  -0.3182  0.25145  2.1914  0.50466  -0.19688
0.094478  -0.31829  0.25119  2.1922  0.50472  -0.19677
0.094463  -0.31837  0.25094  2.193  0.50477  -0.19666
0.094448  -0.31846  0.25068  2.1937  0.50482  -0.19655
0.094434  -0.31854  0.25042  2.1945  0.50488  -0.19644
0.094421  -0.31863  0.25016  2.1953  0.50493  -0.19633
0.094409  -0.31871  0.2499  2.1961  0.50499  -0.19623
0.094396  -0.3188  0.24964  2.1968  0.50505  -0.19612
0.094384  -0.31888  0.24939  2.1976  0.50511  -0.19602
0.094374  -0.31897  0.24913  2.1984  0.50517  -0.19592
0.094364  -0.31905  0.24886  2.1992  0.50523  -0.19582
0.094353  -0.31914  0.2486  2.1999  0.50529  -0.19572
0.094342  -0.31922  0.24835  2.2007  0.50535  -0.19562
0.094332  -0.3193  0.24809  2.2015  0.50542  -0.19552
0.094323  -0.31939  0.24783  2.2023  0.50548  -0.19543
0.094315  -0.31947  0.24757  2.203  0.50555  -0.19533
0.094306  -0.31955  0.24731  2.2038  0.50562  -0.19524
0.094299  -0.31964  0.24705  2.2046  0.50569  -0.19515
0.094293  -0.31972  0.24679  2.2054  0.50576  -0.19506
0.094287  -0.3198  0.24652  2.2061  0.50583  -0.19497
0.094281  -0.31988  0.24626  2.2069  0.50591  -0.19488
0.094274  -0.31997  0.246  2.2077  0.50598  -0.19479
0.094269  -0.32005  0.24574  2.2085  0.50605  -0.1947
0.094265  -0.32013  0.24548  2.2092  0.50613  -0.19462
0.094261  -0.32021  0.24522  2.21  0.50621  -0.19453
0.094257  -0.32029  0.24496  2.2108  0.50629  -0.19445
0.094255  -0.32037  0.2447  2.2116  0.50637  -0.19437
0.094253  -0.32045  0.24444  2.2123  0.50646  -0.1943
0.094252  -0.32053  0.24418  2.2131  0.50654  -0.19422
0.09425  -0.32061  0.24392  2.2139  0.50663  -0.19414
0.094248  -0.32069  0.24366  2.2147  0.50671  -0.19406
0.094248  -0.32077  0.2434  2.2154  0.5068  -0.19399
0.094249  -0.32085  0.24314  2.2162  0.50689  -0.19392
0.09425  -0.32093  0.24288  2.217  0.50698  -0.19385
0.094251  -0.32101  0.24262  2.2178  0.50708  -0.19378
0.094253  -0.32109  0.24236  2.2185  0.50717  -0.19371
0.094257  -0.32116  0.2421  2.2193  0.50727  -0.19365
0.094261  -0.32124  0.24184  2.2201  0.50737  -0.19358
0.094264  -0.32132  0.24158  2.2209  0.50747  -0.19352
0.094268  -0.3214  0.24132  2.2216  0.50757  -0.19345
0.094273  -0.32147  0.24106  2.2224  0.50768  -0.19339
0.094279  -0.32155  0.2408  2.2232  0.50778  -0.19333
0.094286  -0.32163  0.24054  2.2239  0.50789  -0.19328
0.094293  -0.3217  0.24028  2.2247  0.508  -0.19322
0.094301  -0.32178  0.24002  2.2255  0.50811  -0.19317
0.094311  -0.32185  0.23976  2.2262  0.50823  -0.19312
0.09432  -0.32193  0.2395  2.227  0.50835  -0.19307
0.09433  -0.322  0.23924  2.2278  0.50846  -0.19302
0.09434  -0.32208  0.23898  2.2285  0.50858  -0.19297
0.094351  -0.32215  0.23872  2.2293  0.5087  -0.19292
0.094363  -0.32222  0.23846  2.2301  0.50883  -0.19288
0.094376  -0.3223  0.2382  2.2308  0.50895  -0.19283
0.09439  -0.32237  0.23795  2.2316  0.50908  -0.19279
0.094405  -0.32244  0.23769  2.2324  0.50921  -0.19276
0.094421  -0.32251  0.23743  2.2331  0.50935  -0.19272
0.094436  -0.32259  0.23717  2.2339  0.50948  -0.19268
0.094452  -0.32266  0.23691  2.2347  0.50962  -0.19265
0.094468  -0.32273  0.23666  2.2354  0.50975  -0.19261
0.094485  -0.3228  0.2364  2.2362  0.50989  -0.19258
0.094504  -0.32287  0.23614  2.2369  0.51003  -0.19255
0.094523  -0.32294  0.23588  2.2377  0.51018  -0.19252
0.094542  -0.32301  0.23563  2.2384  0.51032  -0.1925
0.094562  -0.32308  0.23537  2.2392  0.51047  -0.19248
0.094584  -0.32315  0.23512  2.24  0.51062  -0.19245
0.094605  -0.32321  0.23486  2.2407  0.51077  -0.19243
0.094627  -0.32328  0.2346  2.2415  0.51092  -0.19241
0.094648  -0.32335  0.23435  2.2422  0.51107  -0.19239
0.094672  -0.32342  0.23409  2.243  0.51123  -0.19237
0.094696  -0.32349  0.23383  2.2437  0.51139  -0.19235
0.09472  -0.32355  0.23358  2.2445  0.51155  -0.19234
0.094746  -0.32362  0.23333  2.2452  0.51171  -0.19233
0.094772  -0.32368  0.23307  2.246  0.51188  -0.19232
0.094799  -0.32375  0.23282  2.2467  0.51204  -0.19231
0.094826  -0.32382  0.23256  2.2475  0.51221  -0.1923
0.094853  -0.32388  0.2323  2.2482  0.51238  -0.1923
0.094881  -0.32395  0.23205  2.249  0.51255  -0.19229
0.09491  -0.32401  0.2318  2.2497  0.51272  -0.19229
0.094939  -0.32407  0.23155  2.2505  0.51289  -0.19229
0.09497  -0.32414  0.23129  2.2512  0.51307  -0.19229
0.095001  -0.3242  0.23104  2.2519  0.51325  -0.19229
0.095033  -0.32426  0.23079  2.2527  0.51343  -0.19229
0.095065  -0.32432  0.23053  2.2534  0.51361  -0.1923
0.095097  -0.32439  0.23028  2.2542  0.51379  -0.1923
0.09513  -0.32445  0.23003  2.2549  0.51397  -0.19231
0.095163  -0.32451  0.22978  2.2556  0.51416  -0.19232
0.095197  -0.32457  0.22952  2.2564  0.51434  -0.19233
0.095232  -0.32463  0.22927  2.2571  0.51453  -0.19234
0.095267  -0.32469  0.22902  2.2579  0.51472  -0.19235
0.095303  -0.32475  0.22877  2.2586  0.51491  -0.19237
0.09534  -0.32481  0.22852  2.2593  0.51511  -0.19238
0.095378  -0.32486  0.22827  2.2601  0.5153  -0.1924
0.095415  -0.32492  0.22801  2.2608  0.51549  -0.19242
0.095453  -0.32498  0.22776  2.2616  0.51569  -0.19244
0.095491  -0.32504  0.22752  2.2623  0.51588  -0.19246
0.09553  -0.3251  0.22727  2.263  0.51608  -0.19249
0.095569  -0.32515  0.22702  2.2638  0.51628  -0.19251
0.09561  -0.32521  0.22677  2.2645  0.51648  -0.19254
0.09565  -0.32526  0.22652  2.2652  0.51668  -0.19257
0.095691  -0.32532  0.22627  2.2659  0.51688  -0.1926
0.095733  -0.32537  0.22602  2.2667  0.51708  -0.19263
0.095774  -0.32543  0.22577  2.2674  0.51729  -0.19266
0.095816  -0.32548  0.22552  2.2682  0.51749  -0.19269
0.095858  -0.32554  0.22527  2.2689  0.51769  -0.19272
0.095901  -0.32559  0.22502  2.2696  0.5179  -0.19275
0.095944  -0.32564  0.22477  2.2703  0.5181  -0.19279
0.095988  -0.32569  0.22453  2.2711  0.51831  -0.19283
0.096033  -0.32575  0.22428  2.2718  0.51852  -0.19287
0.096077  -0.3258  0.22403  2.2725  0.51873  -0.19291
0.096122  -0.32585  0.22378  2.2733  0.51894  -0.19295
0.096167  -0.3259  0.22353  2.274  0.51915  -0.19299
0.096212  -0.32595  0.22329  2.2747  0.51936  -0.19303
0.096258  -0.326  0.22304  2.2754  0.51957  -0.19307
0.096304  -0.32605  0.2228  2.2762  0.51978  -0.19312
0.096351  -0.3261  0.22255  2.2769  0.51999  -0.19316
0.096398  -0.32615  0.2223  2.2776  0.5202  -0.19321
0.096446  -0.3262  0.22206  2.2784  0.52042  -0.19326
0.096493  -0.32624  0.22181  2.2791  0.52063  -0.19331
0.096541  -0.32629  0.22156  2.2798  0.52084  -0.19336
0.096589  -0.32634  0.22131  2.2806  0.52105  -0.19341
0.096638  -0.32638  0.22107  2.2813  0.52127  -0.19346
0.096687  -0.32643  0.22082  2.282  0.52148  -0.19351
0.096736  -0.32647  0.22058  2.2827  0.52169  -0.19357
0.096785  -0.32652  0.22033  2.2835  0.52191  -0.19362
0.096835  -0.32656  0.22009  2.2842  0.52212  -0.19368
0.096885  -0.32661  0.21984  2.2849  0.52234  -0.19373
0.096935  -0.32665  0.2196  2.2857  0.52255  -0.19379
0.096985  -0.32669  0.21935  2.2864  0.52276  -0.19385
0.097036  -0.32674  0.2191  2.2871  0.52297  -0.19391
0.097086  -0.32678  0.21885  2.2879  0.52319  -0.19397
0.097138  -0.32682  0.21861  2.2886  0.5234  -0.19403
0.097189  -0.32686  0.21837  2.2893  0.52361  -0.19409
0.09724  -0.3269  0.21812  2.2901  0.52382  -0.19415
0.097292  -0.32694  0.21787  2.2908  0.52404  -0.19422
0.097345  -0.32698  0.21763  2.2915  0.52425  -0.19429
0.097397  -0.32702  0.21739  2.2923  0.52446  -0.19435
0.097449  -0.32706  0.21714  2.293  0.52467  -0.19442
0.097501  -0.3271  0.21689  2.2937  0.52487  -0.19449
0.097554  -0.32714  0.21665  2.2945  0.52508  -0.19455
0.097607  -0.32718  0.2164  2.2952  0.5253  -0.19462
0.09766  -0.32721  0.21616  2.2959  0.5255  -0.19469
0.097713  -0.32725  0.21591  2.2967  0.52571  -0.19476
0.097767  -0.32728  0.21567  2.2974  0.52592  -0.19484
0.09782  -0.32732  0.21542  2.2982  0.52612  -0.19491
0.097874  -0.32735  0.21518  2.2989  0.52633  -0.19498
0.097927  -0.32739  0.21493  2.2997  0.52653  -0.19505
0.097981  -0.32742  0.21468  2.3004  0.52673  -0.19513
0.098035  -0.32745  0.21443  2.3012  0.52694  -0.1952
0.09809  -0.32749  0.21419  2.3019  0.52714  -0.19528
0.098144  -0.32752  0.21394  2.3026  0.52734  -0.19535
0.098198  -0.32755  0.2137  2.3034  0.52754  -0.19543
0.098253  -0.32758  0.21345  2.3041  0.52774  -0.19551
0.098308  -0.32761  0.21321  2.3049  0.52794  -0.19559
0.098363  -0.32764  0.21296  2.3056  0.52814  -0.19567
0.098417  -0.32767  0.21271  2.3064  0.52833  -0.19575
0.098471  -0.3277  0.21247  2.3072  0.52853  -0.19583
0.098526  -0.32773  0.21222  2.3079  0.52872  -0.19591
0.098582  -0.32776  0.21198  2.3087  0.52892  -0.19599
0.098637  -0.32778  0.21173  2.3094  0.52911  -0.19607
0.098692  -0.32781  0.21148  2.3102  0.5293  -0.19616
0.098747  -0.32784  0.21124  2.3109  0.52949  -0.19624
0.098803  -0.32786  0.211  2.3117  0.52968  -0.19633
0.098858  -0.32788  0.21075  2.3125  0.52986  -0.19641
0.098913  -0.32791  0.2105  2.3132  0.53005  -0.19649
0.098968  -0.32793  0.21025  2.314  0.53023  -0.19658
0.099024  -0.32796  0.21001  2.3148  0.53041  -0.19666
0.09908  -0.32798  0.20976  2.3155  0.5306  -0.19675
0.099135  -0.328  0.20952  2.3163  0.53078  -0.19684
0.09919  -0.32802  0.20927  2.3171  0.53096  -0.19692
0.099246  -0.32804  0.20902  2.3178  0.53114  -0.19701
0.099302  -0.32806  0.20878  2.3186  0.53132  -0.1971
0.099358  -0.32808  0.20853  2.3194  0.53149  -0.19719
0.099413  -0.3281  0.20828  2.3202  0.53166  -0.19728
0.099468  -0.32812  0.20803  2.321  0.53183  -0.19737
0.099524  -0.32814  0.20779  2.3217  0.53201  -0.19746
0.09958  -0.32816  0.20754  2.3225  0.53218  -0.19755
0.099636  -0.32817  0.2073  2.3233  0.53235  -0.19764
0.099691  -0.32819  0.20705  2.3241  0.53251  -0.19773
0.099746  -0.32821  0.2068  2.3249  0.53267  -0.19783
0.099802  -0.32822  0.20655  2.3256  0.53284  -0.19792
0.099857  -0.32823  0.2063  2.3264  0.533  -0.19801
0.099912  -0.32825  0.20605  2.3272  0.53315  -0.1981
0.099967  -0.32826  0.2058  2.328  0.53331  -0.1982
0.10002  -0.32827  0.20555  2.3288  0.53346  -0.19829
0.10008  -0.32828  0.2053  2.3296  0.53362  -0.19838
0.10013  -0.32829  0.20505  2.3304  0.53377  -0.19848
0.10019  -0.3283  0.2048  2.3313  0.53392  -0.19857
0.10024  -0.32831  0.20455  2.3321  0.53406  -0.19867
0.1003  -0.32832  0.20431  2.3329  0.53421  -0.19876
0.10035  -0.32833  0.20406  2.3337  0.53436  -0.19886
0.10041  -0.32834  0.20381  2.3345  0.53451  -0.19895
0.10046  -0.32835  0.20356  2.3353  0.53465  -0.19905
0.10052  -0.32835  0.20331  2.3361  0.53479  -0.19914
0.10057  -0.32836  0.20306  2.3369  0.53493  -0.19924
0.10063  -0.32837  0.20281  2.3377  0.53507  -0.19934
0.10068  -0.32837  0.20256  2.3385  0.53521  -0.19944
0.10074  -0.32838  0.20231  2.3393  0.53535  -0.19954
0.10079  -0.32838  0.20207  2.3401  0.53548  -0.19964
0.10085  -0.32838  0.20182  2.3409  0.53562  -0.19974
0.1009  -0.32839  0.20157  2.3418  0.53576  -0.19983
0.10096  -0.32839  0.20132  2.3426  0.53589  -0.19993
0.10101  -0.32839  0.20107  2.3434  0.53602  -0.20003
0.10107  -0.3284  0.20082  2.3442  0.53615  -0.20013
0.10113  -0.3284  0.20058  2.345  0.53628  -0.20023
0.10118  -0.3284  0.20033  2.3458  0.53641  -0.20033
0.10124  -0.3284  0.20008  2.3467  0.53653  -0.20044
0.10129  -0.3284  0.19983  2.3475  0.53666  -0.20054
0.10135  -0.3284  0.19959  2.3483  0.53679  -0.20064
0.1014  -0.3284  0.19934  2.3491  0.53691  -0.20074
0.10146  -0.32839  0.19909  2.3499  0.53703  -0.20085
0.10151  -0.32839  0.19884  2.3508  0.53716  -0.20095
0.10157  -0.32839  0.1986  2.3516  0.53728  -0.20105
0.10162  -0.32839  0.19835  2.3524  0.5374  -0.20116
0.10168  -0.32838  0.1981  2.3532  0.53751  -0.20126
0.10173  -0.32838  0.19785  2.354  0.53763  -0.20136
0.10179  -0.32837  0.19761  2.3549  0.53774  -0.20147
0.10185  -0.32837  0.19736  2.3557  0.53786  -0.20157
0.1019  -0.32837  0.19712  2.3565  0.53798  -0.20168
0.10196  -0.32836  0.19687  2.3573  0.53809  -0.20178
0.10201  -0.32835  0.19662  2.3581  0.5382  -0.20189
0.10207  -0.32835  0.19638  2.359  0.53831  -0.20199
0.10212  -0.32834  0.19613  2.3598  0.53842  -0.2021
0.10218  -0.32833  0.19589  2.3606  0.53852  -0.2022
0.10223  -0.32832  0.19564  2.3615  0.53863  -0.20231
0.10229  -0.32832  0.1954  2.3623  0.53874  -0.20242
0.10234  -0.32831  0.19515  2.3631  0.53884  -0.20253
0.1024  -0.3283  0.19491  2.3639  0.53895  -0.20263
0.10245  -0.32829  0.19466  2.3647  0.53905  -0.20274
0.10251  -0.32828  0.19442  2.3656  0.53915  -0.20285
0.10256  -0.32827  0.19417  2.3664  0.53925  -0.20296
0.10262  -0.32826  0.19393  2.3672  0.53935  -0.20306
0.10267  -0.32825  0.19369  2.3681  0.53945  -0.20317
0.10273  -0.32824  0.19344  2.3689  0.53954  -0.20328
0.10278  -0.32823  0.1932  2.3697  0.53964  -0.20339
0.10284  -0.32821  0.19296  2.3705  0.53973  -0.2035
0.10289  -0.3282  0.19271  2.3713  0.53983  -0.20361
0.10295  -0.32819  0.19247  2.3722  0.53992  -0.20371
0.103  -0.32818  0.19223  2.373  0.54001  -0.20382
0.10306  -0.32817  0.19199  2.3738  0.5401  -0.20393
0.10311  -0.32815  0.19174  2.3747  0.54019  -0.20404
0.10317  -0.32814  0.1915  2.3755  0.54028  -0.20415
0.10322  -0.32812  0.19126  2.3763  0.54036  -0.20426
0.10328  -0.32811  0.19102  2.3771  0.54045  -0.20437
0.10333  -0.32809  0.19078  2.378  0.54054  -0.20448
0.10338  -0.32808  0.19054  2.3788  0.54062  -0.20459
0.10344  -0.32807  0.19029  2.3796  0.5407  -0.2047
0.10349  -0.32805  0.19005  2.3804  0.54078  -0.20481
0.10355  -0.32803  0.18981  2.3813  0.54087  -0.20492
0.1036  -0.32802  0.18957  2.3821  0.54094  -0.20503
0.10366  -0.328  0.18933  2.3829  0.54102  -0.20514
0.10371  -0.32798  0.18909  2.3837  0.5411  -0.20526
0.10376  -0.32797  0.18886  2.3845  0.54118  -0.20537
0.10382  -0.32795  0.18862  2.3854  0.54125  -0.20548
0.10387  -0.32793  0.18838  2.3862  0.54133  -0.20559
0.10393  -0.32791  0.18814  2.387  0.5414  -0.2057
0.10398  -0.3279  0.1879  2.3878  0.54147  -0.20581
0.10403  -0.32788  0.18766  2.3887  0.54155  -0.20592
0.10409  -0.32786  0.18742  2.3895  0.54162  -0.20603
0.10414  -0.32784  0.18718  2.3903  0.54168  -0.20615
0.10419  -0.32782  0.18694  2.3911  0.54175  -0.20626
0.10425  -0.3278  0.18671  2.392  0.54182  -0.20637
0.1043  -0.32778  0.18647  2.3928  0.54189  -0.20648
0.10436  -0.32776  0.18623  2.3936  0.54195  -0.2066
0.10441  -0.32774  0.18599  2.3944  0.54202  -0.20671
0.10446  -0.32772  0.18576  2.3953  0.54208  -0.20682
0.10452  -0.3277  0.18552  2.3961  0.54215  -0.20693
0.10457  -0.32768  0.18528  2.3969  0.54221  -0.20705
0.10462  -0.32766  0.18505  2.3977  0.54227  -0.20716
0.10467  -0.32764  0.18481  2.3985  0.54233  -0.20727
0.10473  -0.32762  0.18458  2.3994  0.54238  -0.20739
0.10478  -0.32759  0.18434  2.4002  0.54244  -0.2075
0.10483  -0.32757  0.18411  2.401  0.5425  -0.20761
0.10489  -0.32755  0.18387  2.4018  0.54256  -0.20773
0.10494  -0.32753  0.18363  2.4026  0.54261  -0.20784
0.10499  -0.32751  0.1834  2.4035  0.54266  -0.20795
0.10505  -0.32748  0.18317  2.4043  0.54272  -0.20807
0.1051  -0.32746  0.18293  2.4051  0.54277  -0.20818
0.10515  -0.32744  0.1827  2.4059  0.54282  -0.20829
0.1052  -0.32741  0.18247  2.4067  0.54287  -0.20841
0.10526  -0.32739  0.18223  2.4075  0.54292  -0.20852
0.10531  -0.32737  0.182  2.4083  0.54297  -0.20864
0.10536  -0.32734  0.18177  2.4092  0.54302  -0.20875
0.10541  -0.32732  0.18153  2.41  0.54306  -0.20886
0.10546  -0.3273  0.1813  2.4108  0.54311  -0.20898
0.10552  -0.32727  0.18107  2.4116  0.54315  -0.20909
0.10557  -0.32725  0.18084  2.4124  0.54319  -0.20921
0.10562  -0.32722  0.18061  2.4132  0.54324  -0.20932
0.10567  -0.3272  0.18038  2.414  0.54328  -0.20943
0.10572  -0.32718  0.18015  2.4148  0.54332  -0.20955
0.10577  -0.32715  0.17992  2.4157  0.54336  -0.20966
0.10582  -0.32713  0.17968  2.4165  0.5434  -0.20977
0.10587  -0.3271  0.17945  2.4173  0.54343  -0.20989
0.10592  -0.32708  0.17923  2.4181  0.54347  -0.21
0.10597  -0.32705  0.179  2.4189  0.5435  -0.21011
0.10602  -0.32703  0.17877  2.4197  0.54354  -0.21022
0.10607  -0.327  0.17854  2.4205  0.54357  -0.21034
0.10612  -0.32698  0.17831  2.4213  0.5436  -0.21045
0.10617  -0.32695  0.17808  2.4221  0.54363  -0.21056
0.10622  -0.32693  0.17785  2.4229  0.54366  -0.21067
0.10627  -0.3269  0.17763  2.4237  0.54369  -0.21078
0.10632  -0.32688  0.1774  2.4245  0.54371  -0.21089
0.10637  -0.32685  0.17717  2.4253  0.54374  -0.21101
0.10642  -0.32683  0.17694  2.4261  0.54376  -0.21112
0.10647  -0.3268  0.17672  2.4269  0.54379  -0.21123
0.10651  -0.32678  0.17649  2.4277  0.54381  -0.21134
0.10656  -0.32675  0.17627  2.4285  0.54383  -0.21145
0.10661  -0.32672  0.17604  2.4293  0.54385  -0.21156
0.10666  -0.3267  0.17581  2.4301  0.54387  -0.21167
0.1067  -0.32667  0.17559  2.4309  0.54389  -0.21178
0.10675  -0.32665  0.17536  2.4316  0.5439  -0.21188
0.1068  -0.32662  0.17514  2.4324  0.54392  -0.21199
0.10684  -0.3266  0.17492  2.4332  0.54393  -0.2121
0.10689  -0.32657  0.17469  2.434  0.54394  -0.21221
0.10693  -0.32655  0.17447  2.4348  0.54395  -0.21232
0.10698  -0.32652  0.17425  2.4356  0.54396  -0.21242
0.10702  -0.32649  0.17403  2.4364  0.54397  -0.21253
0.10712  -0.32647  0.17379  2.4372  0.54417  -0.21272
0.10722  -0.32644  0.17355  2.438  0.54437  -0.21291
0.10732  -0.32641  0.17331  2.4389  0.54457  -0.21311
0.10741  -0.32637  0.17307  2.4397  0.54476  -0.2133
0.10751  -0.32634  0.17283  2.4406  0.54495  -0.21349
0.10761  -0.3263  0.17259  2.4414  0.54515  -0.21368
0.10771  -0.32627  0.17235  2.4423  0.54534  -0.21387
0.10781  -0.32623  0.1721  2.4432  0.54552  -0.21406
0.10791  -0.32619  0.17186  2.444  0.5457  -0.21426
0.108  -0.32615  0.17162  2.4449  0.54589  -0.21445
0.1081  -0.32611  0.17138  2.4458  0.54607  -0.21464
0.1082  -0.32607  0.17114  2.4467  0.54624  -0.21483
0.1083  -0.32603  0.17089  2.4475  0.54641  -0.21502
0.10839  -0.32598  0.17065  2.4484  0.54659  -0.21521
0.10849  -0.32594  0.1704  2.4493  0.54676  -0.21539
0.10859  -0.32589  0.17016  2.4502  0.54692  -0.21558
0.10868  -0.32584  0.16991  2.4511  0.54708  -0.21577
0.10878  -0.32579  0.16967  2.452  0.54723  -0.21595
0.10887  -0.32574  0.16942  2.4529  0.54739  -0.21613
0.10897  -0.32569  0.16918  2.4538  0.54753  -0.21631
0.10906  -0.32564  0.16893  2.4547  0.54768  -0.21649
0.10915  -0.32559  0.16869  2.4556  0.54781  -0.21667
0.10924  -0.32553  0.16844  2.4566  0.54795  -0.21684
0.10933  -0.32548  0.16819  2.4575  0.54808  -0.21702
0.10942  -0.32542  0.16794  2.4584  0.5482  -0.21719
0.10951  -0.32537  0.1677  2.4593  0.54832  -0.21736
0.10959  -0.32531  0.16745  2.4602  0.54843  -0.21753
0.10968  -0.32525  0.1672  2.4612  0.54854  -0.21769
0.10976  -0.32519  0.16695  2.4621  0.54864  -0.21785
0.10985  -0.32513  0.1667  2.4631  0.54874  -0.21801
0.10993  -0.32507  0.16645  2.464  0.54882  -0.21817
0.11001  -0.32501  0.1662  2.4649  0.54891  -0.21833
0.11009  -0.32494  0.16595  2.4659  0.54899  -0.21848
0.11016  -0.32488  0.1657  2.4668  0.54906  -0.21863
0.11024  -0.32482  0.16545  2.4678  0.54912  -0.21877
0.11031  -0.32475  0.1652  2.4687  0.54917  -0.21891
0.11038  -0.32469  0.16494  2.4697  0.54923  -0.21905
0.11045  -0.32462  0.16469  2.4707  0.54926  -0.21918
0.11052  -0.32455  0.16444  2.4716  0.5493  -0.21931
0.11058  -0.32449  0.16419  2.4726  0.54931  -0.21943
0.11065  -0.32442  0.16394  2.4735  0.54934  -0.21956
0.11071  -0.32435  0.16368  2.4745  0.54934  -0.21968
0.11077  -0.32428  0.16343  2.4755  0.54934  -0.2198
0.11082  -0.32422  0.16318  2.4764  0.54933  -0.21991
0.11088  -0.32415  0.16293  2.4774  0.54931  -0.22001
0.11093  -0.32408  0.16267  2.4784  0.5493  -0.22012
0.11098  -0.32401  0.16242  2.4794  0.54926  -0.22022
0.11103  -0.32394  0.16216  2.4804  0.54922  -0.22032
0.11107  -0.32386  0.16191  2.4813  0.54916  -0.22041
0.11112  -0.32379  0.16165  2.4823  0.54911  -0.2205
0.11116  -0.32372  0.1614  2.4833  0.54904  -0.22058
0.1112  -0.32365  0.16114  2.4843  0.54896  -0.22067
0.11123  -0.32358  0.16089  2.4853  0.54886  -0.22074
0.11127  -0.32351  0.16063  2.4863  0.54876  -0.22081
0.1113  -0.32343  0.16037  2.4873  0.54866  -0.22088
0.11133  -0.32336  0.16011  2.4883  0.54854  -0.22094
0.11135  -0.32329  0.15986  2.4893  0.54841  -0.221
0.11137  -0.32321  0.1596  2.4903  0.54826  -0.22105
0.11139  -0.32314  0.15934  2.4913  0.54812  -0.2211
0.11141  -0.32307  0.15908  2.4923  0.54796  -0.22115
0.11143  -0.32299  0.15882  2.4933  0.5478  -0.22119
0.11144  -0.32292  0.15856  2.4944  0.54761  -0.22123
0.11145  -0.32285  0.1583  2.4954  0.54743  -0.22126
0.11146  -0.32277  0.15804  2.4964  0.54723  -0.22129
0.11147  -0.3227  0.15778  2.4974  0.54702  -0.22132
0.11147  -0.32262  0.15752  2.4984  0.5468  -0.22134
0.11147  -0.32255  0.15726  2.4995  0.54657  -0.22135
0.11147  -0.32247  0.15699  2.5005  0.54634  -0.22137
0.11147  -0.3224  0.15673  2.5015  0.54609  -0.22137
0.11146  -0.32232  0.15647  2.5026  0.54584  -0.22138
0.11145  -0.32225  0.15621  2.5036  0.54557  -0.22138
0.11144  -0.32217  0.15594  2.5047  0.54529  -0.22137
0.11143  -0.3221  0.15568  2.5057  0.54501  -0.22137
0.11141  -0.32202  0.15542  2.5067  0.54471  -0.22135
0.11139  -0.32195  0.15515  2.5078  0.54441  -0.22134
0.11137  -0.32187  0.15489  2.5088  0.54409  -0.22131
0.11134  -0.3218  0.15462  2.5099  0.54377  -0.22129
0.11132  -0.32173  0.15436  2.5109  0.54344  -0.22126
0.11129  -0.32165  0.15409  2.512  0.5431  -0.22123
0.11126  -0.32158  0.15383  2.513  0.54275  -0.22119
0.11122  -0.3215  0.15357  2.5141  0.54239  -0.22115
0.11119  -0.32143  0.1533  2.5151  0.54203  -0.22111
0.11115  -0.32136  0.15303  2.5162  0.54166  -0.22107
0.11112  -0.32128  0.15277  2.5172  0.54128  -0.22102
0.11108  -0.32121  0.15251  2.5183  0.5409  -0.22097
0.11104  -0.32114  0.15224  2.5193  0.54051  -0.22092
0.11099  -0.32106  0.15198  2.5204  0.54011  -0.22087
0.11095  -0.32099  0.15171  2.5214  0.53971  -0.22081
0.1109  -0.32092  0.15145  2.5225  0.5393  -0.22075
0.11085  -0.32085  0.15119  2.5235  0.53888  -0.22069
0.1108  -0.32078  0.15092  2.5246  0.53846  -0.22063
0.11075  -0.32071  0.15066  2.5256  0.53804  -0.22056
0.1107  -0.32064  0.1504  2.5266  0.53761  -0.22049
0.11065  -0.32057  0.15015  2.5277  0.53718  -0.22043
0.11059  -0.3205  0.14988  2.5287  0.53673  -0.22036
0.11054  -0.32043  0.14963  2.5297  0.53629  -0.22029
0.11048  -0.32037  0.14937  2.5308  0.53585  -0.22021
0.11042  -0.3203  0.14912  2.5318  0.53541  -0.22014
0.11036  -0.32024  0.14886  2.5328  0.53496  -0.22006
0.1103  -0.32017  0.1486  2.5338  0.53451  -0.21998
0.11024  -0.32011  0.14835  2.5348  0.53406  -0.2199
0.11018  -0.32004  0.1481  2.5358  0.53361  -0.21982
0.11012  -0.31998  0.14786  2.5367  0.53317  -0.21974
0.11006  -0.31992  0.14761  2.5377  0.53271  -0.21966
0.11  -0.31986  0.14736  2.5387  0.53226  -0.21958
0.10993  -0.3198  0.14712  2.5396  0.53182  -0.2195
0.10987  -0.31975  0.14688  2.5406  0.53138  -0.21942
0.10981  -0.31969  0.14664  2.5415  0.53093  -0.21933
0.10974  -0.31964  0.1464  2.5424  0.53049  -0.21925
0.10968  -0.31958  0.14616  2.5433  0.53005  -0.21916
0.10962  -0.31953  0.14593  2.5442  0.52962  -0.21908
0.10955  -0.31948  0.14571  2.5451  0.52919  -0.219
0.10949  -0.31943  0.14547  2.546  0.52875  -0.21891
0.10942  -0.31939  0.14524  2.5469  0.52833  -0.21883
0.10936  -0.31934  0.14502  2.5477  0.5279  -0.21874
0.1093  -0.3193  0.1448  2.5486  0.52749  -0.21866
0.10923  -0.31926  0.14458  2.5494  0.52707  -0.21858
0.10917  -0.31922  0.14436  2.5502  0.52665  -0.2185
0.1091  -0.31919  0.14415  2.551  0.52626  -0.21842
0.10904  -0.31916  0.14395  2.5517  0.52587  -0.21834
0.10898  -0.31914  0.14375  2.5524  0.5255  -0.21827
0.10892  -0.31911  0.14356  2.5531  0.52513  -0.2182
0.10886  -0.31909  0.14338  2.5538  0.52478  -0.21813
0.1088  -0.31908  0.14319  2.5544  0.52443  -0.21806
0.10874  -0.31906  0.143  2.5551  0.52407  -0.21799
0.10868  -0.31905  0.14282  2.5557  0.52372  -0.21792
0.10862  -0.31904  0.14264  2.5564  0.52338  -0.21785
0.10857  -0.31903  0.14246  2.5569  0.52305  -0.21779
0.1085  -0.31902  0.14228  2.5576  0.5227  -0.21772
0.10845  -0.31902  0.14211  2.5581  0.52237  -0.21766
0.10839  -0.31902  0.14194  2.5587  0.52204  -0.2176
0.10833  -0.31903  0.14177  2.5592  0.52173  -0.21754
0.10827  -0.31903  0.14161  2.5598  0.52141  -0.21748
0.10821  -0.31904  0.14144  2.5603  0.52109  -0.21743
0.10816  -0.31905  0.14128  2.5608  0.52078  -0.21737
0.1081  -0.31906  0.14112  2.5613  0.52048  -0.21732
0.10804  -0.31908  0.14097  2.5618  0.52019  -0.21727
0.10798  -0.31909  0.14081  2.5623  0.51988  -0.21722
0.10793  -0.31911  0.14066  2.5627  0.51959  -0.21717
0.10787  -0.31914  0.1405  2.5632  0.5193  -0.21713
0.10782  -0.31916  0.14036  2.5636  0.51903  -0.21709
0.10776  -0.31919  0.14022  2.564  0.51875  -0.21705
0.10771  -0.31922  0.14007  2.5644  0.51846  -0.21701
0.10765  -0.31925  0.13992  2.5648  0.51819  -0.21697
0.1076  -0.31928  0.13978  2.5652  0.51793  -0.21694
0.10755  -0.31932  0.13965  2.5655  0.51768  -0.21691
0.1075  -0.31936  0.13951  2.5659  0.51741  -0.21687
0.10744  -0.3194  0.13937  2.5663  0.51715  -0.21684
0.10739  -0.31944  0.13924  2.5666  0.5169  -0.21681
0.10734  -0.31948  0.13911  2.567  0.51666  -0.21679
0.10729  -0.31952  0.13898  2.5673  0.51642  -0.21677
0.10724  -0.31957  0.13885  2.5676  0.51616  -0.21674
0.10719  -0.31962  0.13872  2.5679  0.51593  -0.21672
0.10714  -0.31967  0.1386  2.5682  0.5157  -0.2167
0.10709  -0.31972  0.13848  2.5685  0.51547  -0.21669
0.10704  -0.31978  0.13835  2.5688  0.51523  -0.21667
0.10699  -0.31983  0.13823  2.569  0.51501  -0.21665
0.10694  -0.31989  0.13811  2.5693  0.51478  -0.21664
0.10689  -0.31995  0.138  2.5695  0.51458  -0.21663
0.10685  -0.32001  0.13789  2.5698  0.51436  -0.21662
0.1068  -0.32007  0.13777  2.57  0.51413  -0.21661
0.10675  -0.32014  0.13766  2.5702  0.51392  -0.2166
0.1067  -0.32021  0.13755  2.5704  0.51372  -0.21658
0.10665  -0.32027  0.13745  2.5706  0.51352  -0.21658
0.1066  -0.32034  0.13734  2.5708  0.51331  -0.21657
0.10655  -0.32042  0.13723  2.571  0.51311  -0.21656
0.10651  -0.32049  0.13713  2.5711  0.51291  -0.21655
0.10646  -0.32056  0.13704  2.5713  0.51273  -0.21655
0.10641  -0.32064  0.13693  2.5714  0.51253  -0.21654
0.10636  -0.32072  0.13683  2.5716  0.51233  -0.21653
0.10631  -0.3208  0.13673  2.5718  0.51214  -0.21652
0.10626  -0.32088  0.13663  2.5719  0.51196  -0.21651
0.10622  -0.32095  0.13654  2.572  0.51179  -0.21651
0.10617  -0.32104  0.13643  2.5722  0.51159  -0.2165
0.10613  -0.32112  0.13634  2.5723  0.51142  -0.2165
0.10608  -0.3212  0.13624  2.5724  0.51124  -0.2165
0.10604  -0.32127  0.13615  2.5725  0.5111  -0.21651
0.106  -0.32136  0.13606  2.5726  0.51093  -0.21652
0.10595  -0.32146  0.13595  2.5728  0.51075  -0.21653
0.10591  -0.32154  0.13586  2.5729  0.51058  -0.21654
0.10587  -0.32163  0.13578  2.5729  0.51043  -0.21656
0.10583  -0.3217  0.13571  2.573  0.51031  -0.21657
0.10578  -0.32182  0.1356  2.5731  0.5101  -0.21658
0.10574  -0.32191  0.13553  2.5731  0.50995  -0.21659
0.10568  -0.32202  0.13543  2.5732  0.50975  -0.2166
0.10568  -0.32202  0.13543  2.5732  0.50974  -0.2166
0.10568  -0.32203  0.13542  2.5732  0.50972  -0.2166
