0.21412  -0.21352  0.40454  2.1045  1.153  -1.2206
0.21416  -0.2135  0.40463  2.1039  1.1533  -1.2203
0.21401  -0.21357  0.40425  2.1063  1.1524  -1.2216
0.21391  -0.21361  0.40401  2.1078  1.1518  -1.2224
0.21387  -0.21363  0.4039  2.1085  1.1515  -1.2227
0.21377  -0.21367  0.40364  2.1101  1.1509  -1.2236
0.21368  -0.21371  0.40344  2.1114  1.1504  -1.2243
0.21357  -0.21376  0.40316  2.1131  1.1497  -1.2252
0.21347  -0.21381  0.40293  2.1144  1.1492  -1.2259
0.21339  -0.21385  0.40274  2.1156  1.1487  -1.2265
0.21329  -0.21391  0.4025  2.117  1.148  -1.2272
0.2132  -0.21396  0.40228  2.1183  1.1475  -1.2278
0.21309  -0.21403  0.40203  2.1197  1.1468  -1.2285
0.21299  -0.21408  0.40181  2.121  1.1462  -1.2291
0.21291  -0.21414  0.40161  2.1221  1.1456  -1.2296
0.2128  -0.2142  0.40138  2.1234  1.1449  -1.2302
0.21271  -0.21427  0.40116  2.1246  1.1443  -1.2307
0.2126  -0.21434  0.40091  2.1259  1.1436  -1.2312
0.2125  -0.2144  0.4007  2.1271  1.143  -1.2317
0.21241  -0.21447  0.40049  2.1282  1.1424  -1.2322
0.21231  -0.21454  0.40026  2.1295  1.1417  -1.2327
0.21221  -0.21461  0.40004  2.1306  1.141  -1.2331
0.2121  -0.21469  0.3998  2.1318  1.1403  -1.2336
0.21201  -0.21476  0.39959  2.1329  1.1397  -1.234
0.21191  -0.21484  0.39938  2.134  1.139  -1.2344
0.21181  -0.21491  0.39916  2.1351  1.1383  -1.2348
0.21171  -0.21499  0.39894  2.1362  1.1377  -1.2351
0.2116  -0.21508  0.39871  2.1373  1.1369  -1.2355
0.21151  -0.21516  0.39851  2.1383  1.1363  -1.2358
0.21141  -0.21524  0.3983  2.1393  1.1356  -1.2361
0.21131  -0.21532  0.39809  2.1403  1.1349  -1.2364
0.21121  -0.21541  0.39787  2.1414  1.1342  -1.2367
0.21111  -0.21549  0.39765  2.1424  1.1335  -1.2369
0.21102  -0.21557  0.39745  2.1433  1.1329  -1.2372
0.21092  -0.21566  0.39725  2.1443  1.1322  -1.2374
0.21082  -0.21574  0.39704  2.1452  1.1316  -1.2376
0.21072  -0.21583  0.39683  2.1462  1.1309  -1.2379
0.21063  -0.21592  0.39662  2.1471  1.1302  -1.238
0.21053  -0.216  0.39643  2.148  1.1295  -1.2382
0.21044  -0.21609  0.39622  2.1489  1.1289  -1.2384
0.21035  -0.21617  0.39602  2.1497  1.1282  -1.2386
0.21025  -0.21626  0.39582  2.1506  1.1275  -1.2387
0.21016  -0.21635  0.39562  2.1515  1.1269  -1.2389
0.21007  -0.21643  0.39543  2.1523  1.1262  -1.2391
0.20997  -0.21652  0.39523  2.1532  1.1256  -1.2392
0.20988  -0.2166  0.39504  2.154  1.1249  -1.2393
0.20979  -0.21669  0.39484  2.1549  1.1243  -1.2395
0.2097  -0.21678  0.39465  2.1557  1.1237  -1.2396
0.20961  -0.21686  0.39446  2.1565  1.123  -1.2397
0.20952  -0.21694  0.39427  2.1573  1.1224  -1.2398
0.20943  -0.21703  0.39408  2.1581  1.1218  -1.24
0.20934  -0.21712  0.39389  2.1589  1.1212  -1.2401
0.20926  -0.2172  0.39371  2.1596  1.1205  -1.2402
0.20917  -0.21728  0.39353  2.1604  1.1199  -1.2402
0.20908  -0.21737  0.39334  2.1611  1.1193  -1.2403
0.209  -0.21745  0.39316  2.1619  1.1187  -1.2404
0.20891  -0.21754  0.39298  2.1626  1.1181  -1.2405
0.20883  -0.21762  0.3928  2.1634  1.1175  -1.2406
0.20875  -0.2177  0.39263  2.1641  1.117  -1.2406
0.20866  -0.21778  0.39245  2.1648  1.1164  -1.2407
0.20858  -0.21787  0.39228  2.1655  1.1158  -1.2408
0.2085  -0.21795  0.3921  2.1662  1.1152  -1.2408
0.20842  -0.21803  0.39193  2.1669  1.1146  -1.2409
0.20834  -0.21811  0.39176  2.1675  1.1141  -1.2409
0.20826  -0.21819  0.39159  2.1682  1.1135  -1.2409
0.20818  -0.21828  0.39142  2.1689  1.1129  -1.241
0.2081  -0.21836  0.39125  2.1695  1.1124  -1.241
0.20802  -0.21844  0.39109  2.1702  1.1118  -1.241
0.20794  -0.21852  0.39092  2.1708  1.1113  -1.241
0.20787  -0.2186  0.39076  2.1715  1.1107  -1.2411
0.20779  -0.21868  0.39059  2.1721  1.1102  -1.2411
0.20772  -0.21876  0.39043  2.1727  1.1097  -1.2411
0.20764  -0.21884  0.39027  2.1734  1.1091  -1.2411
0.20757  -0.21892  0.39011  2.174  1.1086  -1.2411
0.20749  -0.219  0.38995  2.1746  1.1081  -1.2411
0.20742  -0.21908  0.38979  2.1752  1.1076  -1.2411
0.20735  -0.21916  0.38963  2.1758  1.107  -1.241
0.20728  -0.21924  0.38947  2.1764  1.1065  -1.241
0.2072  -0.21932  0.38932  2.1769  1.106  -1.241
0.20713  -0.21939  0.38916  2.1775  1.1055  -1.241
0.20706  -0.21947  0.38901  2.1781  1.105  -1.2409
0.20699  -0.21955  0.38885  2.1786  1.1045  -1.2409
0.20692  -0.21963  0.3887  2.1792  1.104  -1.2408
0.20685  -0.21971  0.38855  2.1797  1.1035  -1.2408
0.20678  -0.21979  0.3884  2.1803  1.103  -1.2407
0.20672  -0.21987  0.38825  2.1808  1.1025  -1.2407
0.20665  -0.21995  0.3881  2.1814  1.1021  -1.2406
0.20658  -0.22003  0.38795  2.1819  1.1016  -1.2406
0.20652  -0.22011  0.38781  2.1824  1.1011  -1.2405
0.20645  -0.22018  0.38766  2.1829  1.1006  -1.2404
0.20638  -0.22026  0.38751  2.1834  1.1002  -1.2404
0.20632  -0.22034  0.38737  2.1839  1.0997  -1.2403
0.20625  -0.22042  0.38723  2.1844  1.0992  -1.2402
0.20619  -0.2205  0.38708  2.185  1.0988  -1.2402
0.20613  -0.22058  0.38694  2.1855  1.0983  -1.2401
0.20606  -0.22066  0.38679  2.186  1.0978  -1.24
0.206  -0.22073  0.38665  2.1864  1.0974  -1.2399
0.20594  -0.22081  0.38651  2.1869  1.0969  -1.2398
0.20587  -0.22089  0.38637  2.1874  1.0965  -1.2398
0.20581  -0.22097  0.38623  2.1879  1.0961  -1.2397
0.20575  -0.22105  0.38609  2.1884  1.0956  -1.2396
0.20569  -0.22112  0.38595  2.1889  1.0952  -1.2395
0.20563  -0.2212  0.38581  2.1894  1.0947  -1.2394
0.20557  -0.22128  0.38567  2.1898  1.0943  -1.2393
0.2055  -0.22136  0.38553  2.1903  1.0939  -1.2392
0.20544  -0.22144  0.38539  2.1908  1.0934  -1.2391
0.20538  -0.22151  0.38525  2.1912  1.093  -1.239
0.20532  -0.22159  0.38511  2.1917  1.0926  -1.2389
0.20526  -0.22167  0.38497  2.1922  1.0921  -1.2388
0.2052  -0.22175  0.38483  2.1926  1.0917  -1.2386
0.20514  -0.22183  0.38469  2.1931  1.0913  -1.2385
0.20508  -0.2219  0.38456  2.1935  1.0908  -1.2384
0.20503  -0.22198  0.38442  2.194  1.0904  -1.2383
0.20497  -0.22206  0.38428  2.1944  1.09  -1.2381
0.20491  -0.22215  0.38414  2.1949  1.0896  -1.238
0.20485  -0.22223  0.384  2.1953  1.0891  -1.2378
0.20479  -0.22231  0.38387  2.1958  1.0887  -1.2377
0.20473  -0.22239  0.38373  2.1962  1.0883  -1.2375
0.20467  -0.22247  0.38359  2.1966  1.0878  -1.2374
0.20461  -0.22255  0.38345  2.1971  1.0874  -1.2372
0.20455  -0.22264  0.38331  2.1975  1.087  -1.237
0.2045  -0.22272  0.38317  2.1979  1.0865  -1.2369
0.20444  -0.22281  0.38303  2.1983  1.0861  -1.2367
0.20438  -0.22289  0.3829  2.1987  1.0857  -1.2365
0.20432  -0.22298  0.38276  2.1992  1.0852  -1.2363
0.20426  -0.22307  0.38262  2.1996  1.0848  -1.2361
0.2042  -0.22315  0.38248  2.2  1.0844  -1.2359
0.20414  -0.22324  0.38234  2.2004  1.0839  -1.2357
0.20408  -0.22333  0.3822  2.2008  1.0835  -1.2355
0.20402  -0.22342  0.38205  2.2012  1.083  -1.2353
0.20396  -0.22351  0.38191  2.2016  1.0826  -1.235
0.2039  -0.2236  0.38177  2.202  1.0821  -1.2348
0.20384  -0.2237  0.38163  2.2024  1.0816  -1.2345
0.20377  -0.22379  0.38149  2.2028  1.0812  -1.2343
0.20371  -0.22389  0.38134  2.2031  1.0807  -1.234
0.20365  -0.22398  0.3812  2.2035  1.0802  -1.2338
0.20359  -0.22408  0.38106  2.2039  1.0798  -1.2335
0.20353  -0.22418  0.38091  2.2043  1.0793  -1.2332
0.20346  -0.22428  0.38077  2.2047  1.0788  -1.233
0.2034  -0.22438  0.38062  2.2051  1.0783  -1.2327
0.20333  -0.22448  0.38047  2.2054  1.0778  -1.2324
0.20327  -0.22458  0.38033  2.2058  1.0774  -1.2321
0.20321  -0.22468  0.38018  2.2062  1.0769  -1.2318
0.20314  -0.22478  0.38003  2.2066  1.0764  -1.2315
0.20308  -0.22489  0.37988  2.2069  1.0759  -1.2312
0.20301  -0.22499  0.37973  2.2073  1.0754  -1.2308
0.20295  -0.22509  0.37958  2.2077  1.0749  -1.2305
0.20288  -0.2252  0.37943  2.208  1.0744  -1.2302
0.20281  -0.22531  0.37928  2.2084  1.0739  -1.2299
0.20275  -0.22542  0.37913  2.2088  1.0733  -1.2295
0.20268  -0.22552  0.37898  2.2091  1.0728  -1.2292
0.20261  -0.22563  0.37882  2.2095  1.0723  -1.2288
0.20254  -0.22574  0.37867  2.2099  1.0718  -1.2285
0.20248  -0.22585  0.37851  2.2102  1.0713  -1.2281
0.20241  -0.22597  0.37836  2.2106  1.0707  -1.2277
0.20234  -0.22608  0.3782  2.2109  1.0702  -1.2274
0.20227  -0.22619  0.37805  2.2113  1.0697  -1.227
0.2022  -0.2263  0.37789  2.2117  1.0691  -1.2266
0.20213  -0.22642  0.37773  2.212  1.0686  -1.2262
0.20206  -0.22653  0.37757  2.2124  1.068  -1.2259
0.20199  -0.22665  0.37742  2.2127  1.0675  -1.2255
0.20192  -0.22676  0.37726  2.2131  1.067  -1.2251
0.20185  -0.22688  0.3771  2.2134  1.0664  -1.2247
0.20178  -0.227  0.37693  2.2138  1.0659  -1.2243
0.20171  -0.22712  0.37677  2.2142  1.0653  -1.2239
0.20164  -0.22723  0.37661  2.2145  1.0648  -1.2235
0.20156  -0.22735  0.37645  2.2149  1.0642  -1.2231
0.20149  -0.22747  0.37629  2.2152  1.0636  -1.2227
0.20142  -0.22759  0.37612  2.2156  1.0631  -1.2223
0.20135  -0.22771  0.37596  2.216  1.0625  -1.2218
0.20127  -0.22783  0.3758  2.2163  1.062  -1.2214
0.2012  -0.22795  0.37563  2.2167  1.0614  -1.221
0.20113  -0.22807  0.37547  2.217  1.0608  -1.2206
0.20105  -0.22819  0.3753  2.2174  1.0603  -1.2201
0.20098  -0.22831  0.37514  2.2178  1.0597  -1.2197
0.20091  -0.22843  0.37497  2.2181  1.0591  -1.2193
0.20084  -0.22855  0.3748  2.2185  1.0586  -1.2189
0.20076  -0.22867  0.37464  2.2188  1.058  -1.2184
0.20069  -0.22879  0.37447  2.2192  1.0574  -1.218
0.20062  -0.22892  0.3743  2.2196  1.0569  -1.2176
0.20054  -0.22904  0.37413  2.2199  1.0563  -1.2171
0.20047  -0.22916  0.37396  2.2203  1.0557  -1.2167
0.20039  -0.22928  0.37379  2.2207  1.0552  -1.2163
0.20032  -0.2294  0.37362  2.221  1.0546  -1.2158
0.20025  -0.22952  0.37345  2.2214  1.054  -1.2154
0.20017  -0.22965  0.37328  2.2218  1.0535  -1.2149
0.2001  -0.22977  0.37311  2.2221  1.0529  -1.2145
0.20003  -0.22989  0.37294  2.2225  1.0523  -1.2141
0.19995  -0.23  0.37277  2.223  1.0518  -1.2138
0.19988  -0.2301  0.3726  2.2235  1.0512  -1.2136
0.1998  -0.23021  0.37243  2.224  1.0507  -1.2133
0.19973  -0.23031  0.37226  2.2245  1.0501  -1.2131
0.19965  -0.23042  0.37209  2.225  1.0496  -1.2129
0.19958  -0.23052  0.37192  2.2255  1.049  -1.2126
0.1995  -0.23063  0.37175  2.226  1.0485  -1.2123
0.19943  -0.23074  0.37158  2.2265  1.0479  -1.2121
0.19936  -0.23084  0.37141  2.227  1.0474  -1.2118
0.19928  -0.23095  0.37123  2.2275  1.0468  -1.2116
0.19921  -0.23106  0.37106  2.2279  1.0462  -1.2113
0.19913  -0.23116  0.37089  2.2284  1.0457  -1.211
0.19906  -0.23127  0.37072  2.2289  1.0451  -1.2107
0.19899  -0.23138  0.37056  2.2293  1.0446  -1.2105
0.19891  -0.23148  0.37039  2.2298  1.044  -1.2102
0.19884  -0.23159  0.37022  2.2303  1.0435  -1.2099
0.19876  -0.2317  0.37005  2.2307  1.0429  -1.2096
0.19869  -0.23181  0.36988  2.2312  1.0424  -1.2093
0.19862  -0.23192  0.36971  2.2317  1.0418  -1.209
0.19854  -0.23203  0.36954  2.2321  1.0413  -1.2087
0.19847  -0.23213  0.36937  2.2326  1.0407  -1.2084
0.1984  -0.23224  0.3692  2.233  1.0402  -1.2081
0.19832  -0.23235  0.36903  2.2335  1.0397  -1.2078
0.19825  -0.23246  0.36887  2.2339  1.0391  -1.2075
0.19818  -0.23257  0.3687  2.2344  1.0386  -1.2072
0.19811  -0.23267  0.36853  2.2348  1.038  -1.2069
0.19803  -0.23278  0.36836  2.2353  1.0375  -1.2066
0.19796  -0.23289  0.36819  2.2357  1.0369  -1.2063
0.19789  -0.233  0.36802  2.2362  1.0364  -1.206
0.19782  -0.23311  0.36785  2.2366  1.0358  -1.2056
0.19775  -0.23322  0.36769  2.237  1.0353  -1.2053
0.19767  -0.23333  0.36752  2.2375  1.0348  -1.205
0.1976  -0.23344  0.36735  2.2379  1.0342  -1.2047
0.19753  -0.23355  0.36718  2.2383  1.0337  -1.2044
0.19746  -0.23365  0.36702  2.2388  1.0332  -1.204
0.19739  -0.23376  0.36685  2.2392  1.0326  -1.2037
0.19732  -0.23387  0.36668  2.2396  1.0321  -1.2034
0.19724  -0.23398  0.36651  2.2401  1.0315  -1.203
0.19717  -0.23409  0.36634  2.2405  1.031  -1.2027
0.1971  -0.2342  0.36618  2.2409  1.0305  -1.2024
0.19703  -0.23431  0.36601  2.2413  1.0299  -1.202
0.19696  -0.23442  0.36584  2.2417  1.0294  -1.2017
0.19689  -0.23453  0.36568  2.2422  1.0289  -1.2013
0.19682  -0.23464  0.36551  2.2426  1.0284  -1.201
0.19675  -0.23475  0.36534  2.243  1.0278  -1.2006
0.19668  -0.23486  0.36518  2.2434  1.0273  -1.2003
0.19661  -0.23496  0.36501  2.2438  1.0268  -1.2
0.19654  -0.23507  0.36484  2.2442  1.0262  -1.1996
0.19647  -0.23518  0.36467  2.2447  1.0257  -1.1992
0.1964  -0.23529  0.36451  2.2451  1.0252  -1.1989
0.19633  -0.2354  0.36434  2.2455  1.0247  -1.1985
0.19626  -0.23551  0.36417  2.2459  1.0241  -1.1982
0.19619  -0.23562  0.36401  2.2463  1.0236  -1.1978
0.19612  -0.23573  0.36384  2.2467  1.0231  -1.1975
0.19606  -0.23584  0.36368  2.2471  1.0226  -1.1971
0.19599  -0.23595  0.36351  2.2475  1.0221  -1.1968
0.19592  -0.23605  0.36334  2.2479  1.0216  -1.1964
0.19585  -0.23616  0.36318  2.2483  1.021  -1.196
0.19578  -0.23627  0.36301  2.2487  1.0205  -1.1957
0.19571  -0.23638  0.36284  2.2491  1.02  -1.1953
0.19564  -0.23649  0.36268  2.2495  1.0195  -1.1949
0.19558  -0.2366  0.36251  2.2499  1.019  -1.1946
0.19551  -0.23671  0.36235  2.2503  1.0185  -1.1942
0.19544  -0.23682  0.36218  2.2507  1.018  -1.1938
0.19537  -0.23692  0.36202  2.2511  1.0174  -1.1935
0.1953  -0.23703  0.36185  2.2515  1.0169  -1.1931
0.19524  -0.23714  0.36168  2.2519  1.0164  -1.1927
0.19517  -0.23725  0.36152  2.2523  1.0159  -1.1924
0.1951  -0.23736  0.36135  2.2527  1.0154  -1.192
0.19503  -0.23747  0.36118  2.2531  1.0149  -1.1916
0.19497  -0.23758  0.36102  2.2535  1.0144  -1.1912
0.1949  -0.23769  0.36085  2.2539  1.0139  -1.1909
0.19484  -0.23779  0.36069  2.2543  1.0134  -1.1905
0.19477  -0.2379  0.36052  2.2547  1.0129  -1.1901
0.1947  -0.23801  0.36036  2.255  1.0124  -1.1897
0.19464  -0.23812  0.36019  2.2554  1.0119  -1.1894
0.19457  -0.23823  0.36002  2.2558  1.0114  -1.189
0.1945  -0.23834  0.35986  2.2562  1.0109  -1.1886
0.19444  -0.23844  0.35969  2.2566  1.0104  -1.1882
0.19437  -0.23855  0.35952  2.257  1.0099  -1.1878
0.1943  -0.23866  0.35936  2.2574  1.0094  -1.1875
0.19424  -0.23877  0.35919  2.2578  1.0089  -1.1871
0.19417  -0.23888  0.35903  2.2582  1.0084  -1.1867
0.19411  -0.23898  0.35886  2.2585  1.0079  -1.1863
0.19404  -0.23909  0.3587  2.2589  1.0074  -1.1859
0.19398  -0.2392  0.35853  2.2593  1.0069  -1.1855
0.19391  -0.23931  0.35836  2.2597  1.0064  -1.1851
0.19384  -0.23942  0.3582  2.2601  1.0059  -1.1847
0.19378  -0.23953  0.35803  2.2605  1.0054  -1.1843
0.19371  -0.23963  0.35786  2.2609  1.005  -1.184
0.19365  -0.23974  0.3577  2.2613  1.0045  -1.1836
0.19358  -0.23985  0.35753  2.2616  1.004  -1.1832
0.19352  -0.23996  0.35737  2.262  1.0035  -1.1828
0.19346  -0.24007  0.3572  2.2624  1.003  -1.1824
0.19339  -0.24017  0.35703  2.2628  1.0025  -1.182
0.19333  -0.24028  0.35686  2.2632  1.002  -1.1816
0.19326  -0.24039  0.3567  2.2636  1.0015  -1.1812
0.1932  -0.2405  0.35653  2.2639  1.001  -1.1808
0.19313  -0.24061  0.35636  2.2643  1.0006  -1.1804
0.19307  -0.24072  0.35619  2.2647  1.0001  -1.18
0.193  -0.24082  0.35603  2.2651  0.99959  -1.1796
0.19294  -0.24093  0.35586  2.2655  0.99911  -1.1792
0.19287  -0.24104  0.35569  2.2658  0.99863  -1.1788
0.19281  -0.24115  0.35553  2.2662  0.99814  -1.1784
0.19275  -0.24126  0.35536  2.2666  0.99765  -1.178
0.19268  -0.24136  0.35519  2.267  0.99717  -1.1776
0.19262  -0.24147  0.35502  2.2674  0.99668  -1.1771
0.19255  -0.24158  0.35485  2.2678  0.99619  -1.1767
0.19249  -0.24169  0.35468  2.2681  0.99571  -1.1763
0.19242  -0.2418  0.35451  2.2685  0.99522  -1.1759
0.19236  -0.24191  0.35434  2.2689  0.99474  -1.1755
0.19229  -0.24202  0.35417  2.2693  0.99426  -1.1751
0.19223  -0.24213  0.35401  2.2697  0.99378  -1.1747
0.19217  -0.24223  0.35384  2.27  0.99329  -1.1743
0.1921  -0.24234  0.35366  2.2704  0.99281  -1.1738
0.19204  -0.24245  0.35349  2.2708  0.99232  -1.1734
0.19197  -0.24256  0.35332  2.2712  0.99183  -1.173
0.19191  -0.24267  0.35315  2.2716  0.99134  -1.1726
0.19184  -0.24278  0.35298  2.272  0.99086  -1.1722
0.19178  -0.24289  0.35281  2.2723  0.99037  -1.1717
0.19171  -0.243  0.35264  2.2727  0.98989  -1.1713
0.19165  -0.24311  0.35247  2.2731  0.9894  -1.1709
0.19159  -0.24322  0.3523  2.2735  0.98892  -1.1705
0.19152  -0.24333  0.35212  2.2739  0.98843  -1.17
0.19146  -0.24344  0.35195  2.2743  0.98794  -1.1696
0.19139  -0.24355  0.35178  2.2746  0.98745  -1.1692
0.19133  -0.24366  0.35161  2.275  0.98696  -1.1687
0.19126  -0.24377  0.35143  2.2754  0.98647  -1.1683
0.1912  -0.24388  0.35126  2.2758  0.98598  -1.1679
0.19113  -0.24399  0.35108  2.2762  0.98549  -1.1675
0.19107  -0.2441  0.35091  2.2766  0.985  -1.167
0.191  -0.24421  0.35074  2.2769  0.98452  -1.1666
0.19094  -0.24432  0.35056  2.2773  0.98402  -1.1661
0.19087  -0.24443  0.35039  2.2777  0.98353  -1.1657
0.1908  -0.24454  0.35021  2.2781  0.98304  -1.1653
0.19074  -0.24465  0.35004  2.2785  0.98254  -1.1648
0.19067  -0.24477  0.34986  2.2789  0.98204  -1.1644
0.19061  -0.24488  0.34968  2.2793  0.98154  -1.1639
0.19054  -0.24499  0.34951  2.2797  0.98105  -1.1635
0.19047  -0.2451  0.34933  2.28  0.98056  -1.163
0.19041  -0.24521  0.34916  2.2804  0.98006  -1.1626
0.19034  -0.24532  0.34898  2.2808  0.97956  -1.1622
0.19028  -0.24543  0.3488  2.2812  0.97906  -1.1617
0.19021  -0.24555  0.34862  2.2816  0.97856  -1.1613
0.19014  -0.24566  0.34845  2.282  0.97806  -1.1608
0.19008  -0.24577  0.34827  2.2824  0.97755  -1.1603
0.19001  -0.24588  0.34809  2.2828  0.97705  -1.1599
0.18994  -0.246  0.34791  2.2831  0.97654  -1.1594
0.18987  -0.24611  0.34773  2.2835  0.97604  -1.159
0.18981  -0.24622  0.34755  2.2839  0.97554  -1.1585
0.18974  -0.24633  0.34737  2.2843  0.97503  -1.1581
0.18967  -0.24645  0.34719  2.2847  0.97452  -1.1576
0.1896  -0.24656  0.34701  2.2851  0.97401  -1.1571
0.18954  -0.24667  0.34682  2.2855  0.9735  -1.1567
0.18947  -0.24679  0.34664  2.2859  0.97299  -1.1562
0.1894  -0.2469  0.34646  2.2863  0.97247  -1.1557
0.18933  -0.24702  0.34627  2.2867  0.97196  -1.1553
0.18926  -0.24713  0.34609  2.2871  0.97144  -1.1548
0.18919  -0.24725  0.34591  2.2875  0.97093  -1.1543
0.18912  -0.24736  0.34572  2.2879  0.97041  -1.1539
0.18906  -0.24747  0.34554  2.2883  0.9699  -1.1534
0.18899  -0.24759  0.34536  2.2887  0.96938  -1.1529
0.18892  -0.2477  0.34517  2.2891  0.96886  -1.1525
0.18885  -0.24782  0.34498  2.2895  0.96834  -1.152
0.18878  -0.24793  0.3448  2.2899  0.96781  -1.1515
0.18871  -0.24805  0.34461  2.2903  0.96728  -1.151
0.18864  -0.24816  0.34442  2.2907  0.96675  -1.1505
0.18857  -0.24828  0.34423  2.2911  0.96623  -1.1501
0.1885  -0.24839  0.34405  2.2915  0.9657  -1.1496
0.18843  -0.24851  0.34386  2.2919  0.96518  -1.1491
0.18836  -0.24862  0.34367  2.2923  0.96465  -1.1486
0.18828  -0.24874  0.34348  2.2927  0.96412  -1.1481
0.18821  -0.24886  0.34329  2.2931  0.96358  -1.1476
0.18814  -0.24897  0.3431  2.2935  0.96305  -1.1472
0.18807  -0.24909  0.34291  2.2939  0.96251  -1.1467
0.188  -0.24921  0.34271  2.2943  0.96196  -1.1462
0.18792  -0.24932  0.34252  2.2947  0.96142  -1.1457
0.18785  -0.24944  0.34233  2.2952  0.96088  -1.1452
0.18778  -0.24956  0.34214  2.2956  0.96034  -1.1447
0.18771  -0.24967  0.34195  2.296  0.9598  -1.1442
0.18763  -0.24979  0.34175  2.2964  0.95926  -1.1437
0.18756  -0.24991  0.34156  2.2968  0.95871  -1.1432
0.18749  -0.25003  0.34136  2.2972  0.95816  -1.1427
0.18741  -0.25014  0.34117  2.2976  0.95761  -1.1422
0.18734  -0.25026  0.34097  2.298  0.95705  -1.1417
0.18726  -0.25038  0.34077  2.2985  0.95649  -1.1412
0.18719  -0.2505  0.34058  2.2989  0.95594  -1.1407
0.18711  -0.25062  0.34038  2.2993  0.95538  -1.1402
0.18704  -0.25074  0.34018  2.2997  0.95483  -1.1397
0.18697  -0.25085  0.33999  2.3001  0.95427  -1.1391
0.18689  -0.25097  0.33979  2.3005  0.95371  -1.1386
0.18681  -0.25109  0.33959  2.301  0.95314  -1.1381
0.18674  -0.25121  0.33939  2.3014  0.95258  -1.1376
0.18666  -0.25133  0.33919  2.3018  0.95201  -1.1371
0.18658  -0.25145  0.33898  2.3022  0.95143  -1.1366
0.18651  -0.25157  0.33878  2.3027  0.95086  -1.136
0.18643  -0.25169  0.33858  2.3031  0.95029  -1.1355
0.18635  -0.25181  0.33838  2.3035  0.94972  -1.135
0.18628  -0.25193  0.33818  2.3039  0.94915  -1.1345
0.1862  -0.25205  0.33797  2.3044  0.94857  -1.1339
0.18612  -0.25217  0.33777  2.3048  0.94799  -1.1334
0.18604  -0.25229  0.33756  2.3052  0.94741  -1.1329
0.18596  -0.25241  0.33736  2.3057  0.94683  -1.1324
0.18589  -0.25253  0.33715  2.3061  0.94624  -1.1318
0.18581  -0.25266  0.33694  2.3065  0.94565  -1.1313
0.18573  -0.25278  0.33674  2.307  0.94506  -1.1308
0.18565  -0.2529  0.33653  2.3074  0.94448  -1.1302
0.18557  -0.25302  0.33632  2.3078  0.94389  -1.1297
0.18549  -0.25314  0.33612  2.3083  0.9433  -1.1292
0.18541  -0.25326  0.33591  2.3087  0.94271  -1.1286
0.18533  -0.25338  0.3357  2.3091  0.94212  -1.1281
0.18525  -0.25351  0.33549  2.3096  0.94152  -1.1275
0.18517  -0.25363  0.33528  2.31  0.94093  -1.127
0.18509  -0.25375  0.33507  2.3104  0.94032  -1.1264
0.185  -0.25387  0.33486  2.3109  0.93972  -1.1259
0.18492  -0.254  0.33465  2.3113  0.93911  -1.1253
0.18484  -0.25412  0.33443  2.3118  0.93851  -1.1248
0.18476  -0.25424  0.33422  2.3122  0.93791  -1.1243
0.18468  -0.25436  0.33401  2.3127  0.93731  -1.1237
0.1846  -0.25448  0.3338  2.3131  0.9367  -1.1232
0.18451  -0.25461  0.33358  2.3136  0.93609  -1.1226
0.18443  -0.25473  0.33337  2.314  0.93548  -1.1221
0.18435  -0.25485  0.33315  2.3145  0.93486  -1.1215
0.18426  -0.25498  0.33294  2.3149  0.93425  -1.1209
0.18418  -0.2551  0.33272  2.3154  0.93363  -1.1204
0.1841  -0.25522  0.3325  2.3158  0.93301  -1.1198
0.18401  -0.25534  0.33228  2.3163  0.9324  -1.1193
0.18393  -0.25547  0.33207  2.3167  0.93178  -1.1187
0.18384  -0.25559  0.33185  2.3172  0.93117  -1.1182
0.18376  -0.25571  0.33163  2.3176  0.93055  -1.1176
0.18367  -0.25583  0.33141  2.3181  0.92992  -1.1171
0.18359  -0.25596  0.33119  2.3186  0.9293  -1.1165
0.1835  -0.25608  0.33097  2.319  0.92867  -1.1159
0.18342  -0.2562  0.33075  2.3195  0.92804  -1.1154
0.18333  -0.25633  0.33053  2.32  0.92741  -1.1148
0.18325  -0.25645  0.33031  2.3204  0.92679  -1.1143
0.18316  -0.25657  0.33009  2.3209  0.92616  -1.1137
0.18308  -0.25669  0.32987  2.3214  0.92554  -1.1131
0.18299  -0.25681  0.32965  2.3218  0.92491  -1.1126
0.1829  -0.25694  0.32942  2.3223  0.92428  -1.112
0.18282  -0.25706  0.3292  2.3228  0.92365  -1.1115
0.18273  -0.25718  0.32897  2.3232  0.92302  -1.1109
0.18264  -0.2573  0.32875  2.3237  0.92238  -1.1103
0.18256  -0.25743  0.32852  2.3242  0.92174  -1.1098
0.18247  -0.25755  0.3283  2.3247  0.92111  -1.1092
0.18238  -0.25767  0.32807  2.3252  0.92047  -1.1086
0.18229  -0.25779  0.32784  2.3256  0.91984  -1.1081
0.18221  -0.25791  0.32762  2.3261  0.91921  -1.1075
0.18212  -0.25803  0.32739  2.3266  0.91858  -1.107
0.18203  -0.25815  0.32717  2.3271  0.91794  -1.1064
0.18194  -0.25828  0.32694  2.3276  0.91731  -1.1058
0.18186  -0.2584  0.32671  2.3281  0.91667  -1.1053
0.18177  -0.25852  0.32648  2.3286  0.91603  -1.1047
0.18168  -0.25864  0.32625  2.329  0.91539  -1.1041
0.18159  -0.25876  0.32602  2.3295  0.91475  -1.1036
0.1815  -0.25888  0.32579  2.33  0.91411  -1.103
0.18141  -0.259  0.32556  2.3305  0.91347  -1.1025
0.18133  -0.25912  0.32533  2.331  0.91284  -1.1019
0.18124  -0.25924  0.3251  2.3315  0.9122  -1.1013
0.18115  -0.25936  0.32487  2.332  0.91156  -1.1008
0.18106  -0.25948  0.32464  2.3325  0.91092  -1.1002
0.18097  -0.2596  0.32441  2.333  0.91028  -1.0997
0.18088  -0.25972  0.32417  2.3335  0.90964  -1.0991
0.18079  -0.25984  0.32394  2.334  0.909  -1.0985
0.1807  -0.25995  0.32371  2.3345  0.90836  -1.098
0.18062  -0.26007  0.32347  2.335  0.90772  -1.0974
0.18053  -0.26019  0.32324  2.3355  0.90709  -1.0969
0.18044  -0.26031  0.32301  2.3361  0.90645  -1.0963
0.18035  -0.26042  0.32278  2.3366  0.90582  -1.0958
0.18026  -0.26054  0.32254  2.3371  0.90518  -1.0952
0.18017  -0.26066  0.32231  2.3376  0.90454  -1.0946
0.18008  -0.26078  0.32207  2.3381  0.9039  -1.0941
0.17999  -0.26089  0.32184  2.3386  0.90326  -1.0935
0.1799  -0.26101  0.3216  2.3391  0.90262  -1.093
0.17981  -0.26112  0.32136  2.3397  0.90198  -1.0924
0.17973  -0.26124  0.32113  2.3402  0.90135  -1.0919
0.17964  -0.26136  0.32089  2.3407  0.90072  -1.0913
0.17955  -0.26147  0.32066  2.3412  0.90009  -1.0908
0.17946  -0.26158  0.32042  2.3417  0.89945  -1.0902
0.17937  -0.2617  0.32019  2.3423  0.89882  -1.0897
0.17928  -0.26181  0.31995  2.3428  0.89818  -1.0891
0.17919  -0.26193  0.31971  2.3433  0.89755  -1.0886
0.1791  -0.26204  0.31947  2.3439  0.89691  -1.088
0.17901  -0.26215  0.31923  2.3444  0.89628  -1.0875
0.17892  -0.26227  0.319  2.3449  0.89565  -1.0869
0.17883  -0.26238  0.31876  2.3454  0.89501  -1.0864
0.17875  -0.26249  0.31852  2.346  0.89439  -1.0859
0.17866  -0.2626  0.31829  2.3465  0.89376  -1.0853
0.17857  -0.26272  0.31805  2.347  0.89313  -1.0848
0.17848  -0.26283  0.31781  2.3476  0.8925  -1.0842
0.17839  -0.26294  0.31757  2.3481  0.89187  -1.0837
0.1783  -0.26305  0.31733  2.3487  0.89124  -1.0832
0.17821  -0.26316  0.31709  2.3492  0.89061  -1.0826
0.17812  -0.26327  0.31685  2.3497  0.88998  -1.0821
0.17803  -0.26338  0.31661  2.3503  0.88935  -1.0815
0.17794  -0.26349  0.31637  2.3508  0.88873  -1.081
0.17786  -0.2636  0.31613  2.3514  0.88811  -1.0805
0.17777  -0.26371  0.31589  2.3519  0.88749  -1.0799
0.17768  -0.26382  0.31565  2.3525  0.88687  -1.0794
0.17759  -0.26393  0.31541  2.353  0.88625  -1.0789
0.1775  -0.26404  0.31517  2.3535  0.88562  -1.0783
0.17741  -0.26414  0.31493  2.3541  0.885  -1.0778
0.17732  -0.26425  0.31469  2.3547  0.88438  -1.0773
0.17724  -0.26436  0.31445  2.3552  0.88376  -1.0768
0.17715  -0.26447  0.31421  2.3558  0.88315  -1.0762
0.17706  -0.26457  0.31397  2.3563  0.88253  -1.0757
0.17697  -0.26468  0.31373  2.3569  0.88192  -1.0752
0.17689  -0.26478  0.31349  2.3574  0.88131  -1.0747
0.1768  -0.26489  0.31325  2.358  0.8807  -1.0741
0.17671  -0.265  0.31301  2.3585  0.88008  -1.0736
0.17662  -0.2651  0.31276  2.3591  0.87947  -1.0731
0.17653  -0.26521  0.31252  2.3596  0.87886  -1.0726
0.17645  -0.26531  0.31228  2.3602  0.87825  -1.0721
0.17636  -0.26541  0.31204  2.3608  0.87764  -1.0716
0.17627  -0.26552  0.3118  2.3613  0.87703  -1.071
0.17618  -0.26562  0.31156  2.3619  0.87643  -1.0705
0.1761  -0.26572  0.31132  2.3624  0.87583  -1.07
0.17601  -0.26583  0.31107  2.363  0.87523  -1.0695
0.17592  -0.26593  0.31083  2.3636  0.87462  -1.069
0.17584  -0.26603  0.31059  2.3641  0.87402  -1.0685
0.17575  -0.26614  0.31035  2.3647  0.87341  -1.068
0.17566  -0.26624  0.3101  2.3653  0.87281  -1.0675
0.17557  -0.26634  0.30986  2.3658  0.87221  -1.067
0.17549  -0.26644  0.30962  2.3664  0.87161  -1.0665
0.1754  -0.26655  0.30938  2.367  0.87102  -1.066
0.17532  -0.26665  0.30914  2.3675  0.87043  -1.0655
0.17523  -0.26675  0.3089  2.3681  0.86983  -1.065
0.17514  -0.26685  0.30866  2.3686  0.86924  -1.0645
0.17506  -0.26695  0.30842  2.3692  0.86865  -1.064
0.17497  -0.26705  0.30817  2.3698  0.86805  -1.0635
0.17489  -0.26715  0.30793  2.3703  0.86746  -1.063
0.1748  -0.26725  0.30769  2.3709  0.86687  -1.0625
0.17471  -0.26735  0.30745  2.3715  0.86628  -1.062
0.17463  -0.26745  0.30721  2.3721  0.86569  -1.0615
0.17454  -0.26755  0.30697  2.3726  0.86511  -1.061
0.17446  -0.26765  0.30673  2.3732  0.86453  -1.0605
0.17437  -0.26775  0.30649  2.3738  0.86394  -1.06
0.17429  -0.26785  0.30624  2.3743  0.86336  -1.0595
0.1742  -0.26795  0.306  2.3749  0.86278  -1.059
0.17412  -0.26805  0.30576  2.3755  0.86219  -1.0585
0.17403  -0.26815  0.30552  2.376  0.86161  -1.058
0.17395  -0.26825  0.30528  2.3766  0.86103  -1.0576
0.17386  -0.26835  0.30504  2.3772  0.86045  -1.0571
0.17378  -0.26844  0.3048  2.3777  0.85987  -1.0566
0.17369  -0.26854  0.30456  2.3783  0.8593  -1.0561
0.17361  -0.26864  0.30432  2.3789  0.85873  -1.0556
0.17352  -0.26874  0.30408  2.3794  0.85816  -1.0552
0.17344  -0.26884  0.30384  2.38  0.85758  -1.0547
0.17335  -0.26893  0.3036  2.3806  0.85701  -1.0542
0.17327  -0.26903  0.30336  2.3812  0.85643  -1.0537
0.17318  -0.26913  0.30311  2.3817  0.85586  -1.0532
0.1731  -0.26923  0.30287  2.3823  0.85529  -1.0528
0.17302  -0.26933  0.30263  2.3829  0.85472  -1.0523
0.17293  -0.26943  0.30239  2.3834  0.85415  -1.0518
0.17285  -0.26952  0.30215  2.384  0.85359  -1.0514
0.17277  -0.26962  0.30192  2.3846  0.85303  -1.0509
0.17268  -0.26972  0.30168  2.3851  0.85246  -1.0504
0.1726  -0.26982  0.30144  2.3857  0.8519  -1.05
0.17251  -0.26992  0.3012  2.3863  0.85133  -1.0495
0.17243  -0.27002  0.30096  2.3868  0.85077  -1.049
0.17235  -0.27011  0.30072  2.3874  0.85021  -1.0485
0.17226  -0.27021  0.30048  2.388  0.84964  -1.0481
0.17218  -0.27031  0.30024  2.3885  0.84908  -1.0476
0.1721  -0.27041  0.3  2.3891  0.84853  -1.0472
0.17201  -0.27051  0.29976  2.3897  0.84797  -1.0467
0.17193  -0.27061  0.29953  2.3902  0.84742  -1.0462
0.17185  -0.2707  0.29929  2.3908  0.84686  -1.0458
0.17177  -0.2708  0.29905  2.3914  0.84631  -1.0453
0.17168  -0.2709  0.29881  2.3919  0.84575  -1.0449
0.1716  -0.271  0.29857  2.3925  0.84519  -1.0444
0.17152  -0.2711  0.29834  2.393  0.84464  -1.0439
0.17143  -0.2712  0.2981  2.3936  0.84409  -1.0435
0.17135  -0.2713  0.29786  2.3942  0.84354  -1.043
0.17127  -0.2714  0.29763  2.3947  0.84299  -1.0426
0.17119  -0.2715  0.29739  2.3953  0.84245  -1.0421
0.17111  -0.2716  0.29715  2.3958  0.8419  -1.0417
0.17102  -0.2717  0.29692  2.3964  0.84135  -1.0412
0.17094  -0.2718  0.29668  2.397  0.8408  -1.0408
0.17086  -0.2719  0.29644  2.3975  0.84026  -1.0403
0.17078  -0.272  0.29621  2.3981  0.83971  -1.0399
0.17069  -0.27211  0.29597  2.3986  0.83917  -1.0394
0.17061  -0.27221  0.29574  2.3992  0.83862  -1.039
0.17053  -0.27231  0.2955  2.3997  0.83808  -1.0385
0.17045  -0.27241  0.29527  2.4003  0.83754  -1.0381
0.17037  -0.27251  0.29503  2.4008  0.837  -1.0377
0.17029  -0.27261  0.2948  2.4014  0.83646  -1.0372
0.1702  -0.27272  0.29456  2.4019  0.83592  -1.0368
0.17012  -0.27282  0.29433  2.4025  0.83538  -1.0363
0.17004  -0.27292  0.29409  2.403  0.83484  -1.0359
0.16996  -0.27303  0.29386  2.4036  0.83431  -1.0355
0.16988  -0.27313  0.29363  2.4041  0.83377  -1.035
0.1698  -0.27324  0.29339  2.4047  0.83323  -1.0346
0.16971  -0.27334  0.29316  2.4052  0.8327  -1.0341
0.16963  -0.27344  0.29293  2.4057  0.83217  -1.0337
0.16955  -0.27355  0.29269  2.4063  0.83163  -1.0333
0.16947  -0.27365  0.29246  2.4068  0.8311  -1.0328
0.16939  -0.27376  0.29223  2.4074  0.83057  -1.0324
0.16931  -0.27387  0.292  2.4079  0.83003  -1.032
0.16923  -0.27397  0.29176  2.4084  0.8295  -1.0315
0.16915  -0.27408  0.29153  2.409  0.82897  -1.0311
0.16906  -0.27419  0.2913  2.4095  0.82844  -1.0307
0.16898  -0.2743  0.29107  2.41  0.82791  -1.0302
0.1689  -0.2744  0.29084  2.4106  0.82738  -1.0298
0.16882  -0.27451  0.29061  2.4111  0.82685  -1.0294
0.16874  -0.27462  0.29038  2.4116  0.82632  -1.029
0.16866  -0.27473  0.29014  2.4122  0.82579  -1.0285
0.16858  -0.27484  0.28991  2.4127  0.82527  -1.0281
0.1685  -0.27495  0.28968  2.4132  0.82474  -1.0277
0.16841  -0.27506  0.28945  2.4137  0.82421  -1.0273
0.16833  -0.27517  0.28922  2.4143  0.82368  -1.0268
0.16825  -0.27528  0.28899  2.4148  0.82315  -1.0264
0.16817  -0.27539  0.28876  2.4153  0.82263  -1.026
0.16809  -0.2755  0.28853  2.4158  0.8221  -1.0256
0.16801  -0.27562  0.28831  2.4163  0.82158  -1.0251
0.16793  -0.27573  0.28808  2.4168  0.82106  -1.0247
0.16785  -0.27584  0.28785  2.4174  0.82053  -1.0243
0.16777  -0.27596  0.28762  2.4179  0.82001  -1.0239
0.16768  -0.27607  0.28739  2.4184  0.81948  -1.0235
0.1676  -0.27619  0.28716  2.4189  0.81896  -1.023
0.16752  -0.27631  0.28693  2.4194  0.81843  -1.0226
0.16744  -0.27643  0.28671  2.4199  0.81791  -1.0222
0.16736  -0.27654  0.28648  2.4204  0.81739  -1.0218
0.16728  -0.27666  0.28625  2.4209  0.81686  -1.0214
0.1672  -0.27678  0.28602  2.4214  0.81634  -1.0209
0.16711  -0.2769  0.2858  2.4219  0.81582  -1.0205
0.16703  -0.27702  0.28557  2.4224  0.8153  -1.0201
0.16695  -0.27714  0.28534  2.4229  0.81478  -1.0197
0.16687  -0.27726  0.28512  2.4234  0.81425  -1.0193
0.16679  -0.27738  0.28489  2.4239  0.81373  -1.0189
0.16671  -0.2775  0.28466  2.4244  0.81321  -1.0184
0.16662  -0.27763  0.28444  2.4249  0.81268  -1.018
0.16654  -0.27775  0.28421  2.4254  0.81216  -1.0176
0.16646  -0.27787  0.28399  2.4259  0.81164  -1.0172
0.16638  -0.27799  0.28376  2.4264  0.81112  -1.0168
0.1663  -0.27812  0.28354  2.4269  0.8106  -1.0164
0.16621  -0.27824  0.28331  2.4273  0.81008  -1.016
0.16613  -0.27837  0.28309  2.4278  0.80956  -1.0156
0.16605  -0.2785  0.28286  2.4283  0.80904  -1.0151
0.16597  -0.27863  0.28264  2.4288  0.80851  -1.0147
0.16589  -0.27876  0.28241  2.4293  0.80799  -1.0143
0.1658  -0.27888  0.28219  2.4298  0.80747  -1.0139
0.16572  -0.27901  0.28196  2.4302  0.80695  -1.0135
0.16564  -0.27914  0.28174  2.4307  0.80643  -1.0131
0.16556  -0.27927  0.28152  2.4312  0.80591  -1.0127
0.16547  -0.2794  0.28129  2.4316  0.80539  -1.0123
0.16539  -0.27953  0.28107  2.4321  0.80486  -1.0119
0.16531  -0.27967  0.28085  2.4326  0.80434  -1.0115
0.16522  -0.2798  0.28062  2.4331  0.80382  -1.011
0.16514  -0.27993  0.2804  2.4335  0.8033  -1.0106
0.16506  -0.28007  0.28017  2.434  0.80277  -1.0102
0.16498  -0.2802  0.27995  2.4345  0.80225  -1.0098
0.16489  -0.28034  0.27973  2.4349  0.80173  -1.0094
0.16481  -0.28047  0.27951  2.4354  0.80121  -1.009
0.16473  -0.28061  0.27929  2.4358  0.80069  -1.0086
0.16464  -0.28074  0.27906  2.4363  0.80017  -1.0082
0.16456  -0.28088  0.27884  2.4368  0.79965  -1.0078
0.16448  -0.28102  0.27862  2.4372  0.79913  -1.0074
0.16439  -0.28116  0.27839  2.4377  0.7986  -1.007
0.16431  -0.2813  0.27817  2.4381  0.79808  -1.0066
0.16423  -0.28144  0.27795  2.4386  0.79756  -1.0062
0.16414  -0.28158  0.27773  2.439  0.79704  -1.0058
0.16406  -0.28172  0.27751  2.4395  0.79652  -1.0054
0.16398  -0.28186  0.27729  2.4399  0.796  -1.005
0.16389  -0.282  0.27707  2.4404  0.79549  -1.0046
0.16381  -0.28214  0.27685  2.4408  0.79496  -1.0042
0.16372  -0.28229  0.27662  2.4413  0.79444  -1.0038
0.16364  -0.28243  0.2764  2.4417  0.79392  -1.0034
0.16356  -0.28257  0.27618  2.4422  0.7934  -1.003
0.16347  -0.28272  0.27596  2.4426  0.79288  -1.0026
0.16339  -0.28286  0.27574  2.443  0.79236  -1.0022
0.1633  -0.28301  0.27552  2.4435  0.79185  -1.0018
0.16322  -0.28315  0.2753  2.4439  0.79133  -1.0014
0.16314  -0.2833  0.27508  2.4444  0.79082  -1.001
0.16305  -0.28345  0.27486  2.4448  0.7903  -1.0006
0.16297  -0.28359  0.27464  2.4452  0.78978  -1.0002
0.16288  -0.28374  0.27442  2.4457  0.78926  -0.99984
0.1628  -0.28389  0.2742  2.4461  0.78875  -0.99944
0.16272  -0.28404  0.27398  2.4465  0.78823  -0.99905
0.16263  -0.28419  0.27376  2.447  0.78772  -0.99866
0.16255  -0.28434  0.27354  2.4474  0.7872  -0.99827
0.16247  -0.28449  0.27332  2.4478  0.78669  -0.99788
0.16238  -0.28464  0.2731  2.4482  0.78618  -0.9975
0.1623  -0.28479  0.27288  2.4487  0.78567  -0.99711
0.16222  -0.28494  0.27267  2.4491  0.78516  -0.99673
0.16213  -0.28509  0.27245  2.4495  0.78465  -0.99634
0.16205  -0.28524  0.27223  2.45  0.78414  -0.99596
0.16196  -0.2854  0.27201  2.4504  0.78363  -0.99557
0.16188  -0.28555  0.27179  2.4508  0.78312  -0.99519
0.1618  -0.2857  0.27157  2.4512  0.78261  -0.99481
0.16171  -0.28586  0.27135  2.4516  0.7821  -0.99442
0.16163  -0.28601  0.27114  2.4521  0.7816  -0.99405
0.16155  -0.28616  0.27092  2.4525  0.7811  -0.99367
0.16146  -0.28632  0.2707  2.4529  0.7806  -0.99329
0.16138  -0.28647  0.27048  2.4533  0.78009  -0.99292
0.1613  -0.28663  0.27027  2.4537  0.77959  -0.99254
0.16121  -0.28678  0.27005  2.4541  0.77909  -0.99216
0.16113  -0.28694  0.26983  2.4546  0.77859  -0.99179
0.16105  -0.2871  0.26961  2.455  0.77809  -0.99141
0.16097  -0.28725  0.26939  2.4554  0.77759  -0.99104
0.16088  -0.28741  0.26918  2.4558  0.77709  -0.99067
0.1608  -0.28756  0.26896  2.4562  0.7766  -0.9903
0.16072  -0.28772  0.26875  2.4566  0.77611  -0.98993
0.16064  -0.28788  0.26853  2.457  0.77562  -0.98957
0.16055  -0.28804  0.26831  2.4574  0.77512  -0.9892
0.16047  -0.28819  0.2681  2.4578  0.77463  -0.98883
0.16039  -0.28835  0.26788  2.4583  0.77414  -0.98847
0.16031  -0.28851  0.26766  2.4587  0.77365  -0.9881
0.16023  -0.28867  0.26745  2.4591  0.77316  -0.98774
0.16014  -0.28883  0.26723  2.4595  0.77268  -0.98738
0.16006  -0.28899  0.26701  2.4599  0.77219  -0.98702
0.15998  -0.28915  0.2668  2.4603  0.77171  -0.98667
0.1599  -0.2893  0.26659  2.4607  0.77123  -0.98631
0.15982  -0.28946  0.26637  2.4611  0.77075  -0.98596
0.15974  -0.28962  0.26615  2.4615  0.77027  -0.9856
0.15966  -0.28978  0.26594  2.4619  0.76979  -0.98525
0.15958  -0.28995  0.26572  2.4623  0.76931  -0.98489
0.1595  -0.29011  0.2655  2.4627  0.76884  -0.98454
0.15942  -0.29027  0.26529  2.4631  0.76837  -0.98419
0.15934  -0.29043  0.26507  2.4635  0.76789  -0.98384
0.15926  -0.29059  0.26486  2.4639  0.76742  -0.9835
0.15918  -0.29075  0.26464  2.4643  0.76696  -0.98315
0.1591  -0.29091  0.26443  2.4647  0.7665  -0.98281
0.15902  -0.29107  0.26422  2.4651  0.76603  -0.98247
0.15894  -0.29123  0.264  2.4655  0.76557  -0.98213
0.15886  -0.29139  0.26379  2.4659  0.7651  -0.98178
0.15878  -0.29155  0.26357  2.4663  0.76464  -0.98144
0.1587  -0.29171  0.26336  2.4667  0.76418  -0.98111
0.15862  -0.29188  0.26314  2.4671  0.76372  -0.98077
0.15854  -0.29204  0.26293  2.4675  0.76327  -0.98044
0.15846  -0.2922  0.26271  2.4679  0.76281  -0.98011
0.15839  -0.29236  0.2625  2.4683  0.76237  -0.97978
0.15831  -0.29252  0.26229  2.4687  0.76192  -0.97945
0.15823  -0.29268  0.26207  2.4691  0.76147  -0.97912
0.15815  -0.29284  0.26186  2.4695  0.76102  -0.97879
0.15808  -0.293  0.26164  2.4699  0.76058  -0.97846
0.158  -0.29317  0.26143  2.4703  0.76013  -0.97814
0.15792  -0.29333  0.26122  2.4707  0.75969  -0.97782
0.15785  -0.29349  0.261  2.4711  0.75925  -0.9775
0.15777  -0.29365  0.26079  2.4715  0.75881  -0.97717
0.15769  -0.29381  0.26058  2.4719  0.75838  -0.97686
0.15762  -0.29397  0.26036  2.4723  0.75795  -0.97654
0.15754  -0.29413  0.26015  2.4727  0.75752  -0.97623
0.15747  -0.2943  0.25994  2.4731  0.75709  -0.97592
0.15739  -0.29446  0.25972  2.4735  0.75666  -0.9756
0.15732  -0.29462  0.25951  2.4739  0.75623  -0.97529
0.15724  -0.29478  0.2593  2.4743  0.75581  -0.97498
0.15717  -0.29494  0.25908  2.4747  0.75539  -0.97467
0.15709  -0.29511  0.25887  2.475  0.75497  -0.97437
0.15702  -0.29527  0.25866  2.4754  0.75455  -0.97406
0.15695  -0.29543  0.25845  2.4758  0.75414  -0.97376
0.15687  -0.29559  0.25824  2.4762  0.75373  -0.97346
0.1568  -0.29575  0.25803  2.4766  0.75332  -0.97317
0.15673  -0.29591  0.25781  2.477  0.75291  -0.97287
0.15665  -0.29607  0.2576  2.4774  0.7525  -0.97257
0.15658  -0.29623  0.25739  2.4778  0.75209  -0.97227
0.15651  -0.29639  0.25717  2.4782  0.75169  -0.97198
0.15644  -0.29655  0.25696  2.4786  0.75129  -0.97169
0.15636  -0.29672  0.25675  2.479  0.75089  -0.9714
0.15629  -0.29688  0.25654  2.4794  0.75049  -0.97111
0.15622  -0.29703  0.25633  2.4798  0.7501  -0.97082
0.15615  -0.29719  0.25612  2.4801  0.74972  -0.97054
0.15608  -0.29735  0.25591  2.4805  0.74933  -0.97026
0.15601  -0.29752  0.2557  2.4809  0.74894  -0.96998
0.15594  -0.29768  0.25549  2.4813  0.74855  -0.96969
0.15587  -0.29784  0.25527  2.4817  0.74816  -0.96941
0.1558  -0.298  0.25506  2.4821  0.74779  -0.96914
0.15573  -0.29815  0.25485  2.4825  0.74741  -0.96886
0.15566  -0.29831  0.25464  2.4829  0.74703  -0.96859
0.1556  -0.29847  0.25443  2.4833  0.74666  -0.96832
0.15553  -0.29863  0.25422  2.4837  0.7463  -0.96805
0.15546  -0.29879  0.25401  2.4841  0.74593  -0.96779
0.15539  -0.29895  0.2538  2.4845  0.74557  -0.96752
0.15533  -0.29911  0.25359  2.4848  0.7452  -0.96725
0.15526  -0.29927  0.25338  2.4852  0.74483  -0.96699
0.15519  -0.29942  0.25317  2.4856  0.74447  -0.96672
0.15513  -0.29958  0.25296  2.486  0.74412  -0.96647
0.15506  -0.29974  0.25275  2.4864  0.74377  -0.96621
0.15499  -0.2999  0.25254  2.4868  0.74341  -0.96595
0.15493  -0.30006  0.25233  2.4872  0.74306  -0.9657
0.15486  -0.30021  0.25212  2.4876  0.74272  -0.96545
0.1548  -0.30037  0.25191  2.488  0.74238  -0.9652
0.15473  -0.30053  0.25171  2.4884  0.74204  -0.96495
0.15467  -0.30068  0.2515  2.4888  0.74169  -0.9647
0.15461  -0.30084  0.25128  2.4892  0.74135  -0.96444
0.15454  -0.301  0.25107  2.4896  0.74101  -0.9642
0.15448  -0.30115  0.25086  2.4899  0.74068  -0.96396
0.15442  -0.30131  0.25066  2.4903  0.74035  -0.96371
0.15435  -0.30147  0.25045  2.4907  0.74002  -0.96347
0.15429  -0.30162  0.25024  2.4911  0.7397  -0.96324
0.15423  -0.30178  0.25003  2.4915  0.73938  -0.963
0.15417  -0.30193  0.24983  2.4919  0.73906  -0.96277
0.15411  -0.30209  0.24962  2.4923  0.73874  -0.96253
0.15405  -0.30224  0.24941  2.4927  0.73842  -0.9623
0.15398  -0.3024  0.2492  2.4931  0.7381  -0.96207
0.15392  -0.30255  0.24899  2.4935  0.73779  -0.96184
0.15386  -0.30271  0.24878  2.4939  0.73748  -0.96161
0.1538  -0.30286  0.24857  2.4942  0.73717  -0.96138
0.15374  -0.30301  0.24837  2.4946  0.73687  -0.96116
0.15369  -0.30317  0.24816  2.495  0.73657  -0.96094
0.15363  -0.30332  0.24795  2.4954  0.73627  -0.96072
0.15357  -0.30347  0.24775  2.4958  0.73597  -0.9605
0.15351  -0.30363  0.24754  2.4962  0.73568  -0.96028
0.15345  -0.30378  0.24733  2.4966  0.73538  -0.96006
0.15339  -0.30393  0.24712  2.497  0.73508  -0.95985
0.15334  -0.30409  0.24692  2.4974  0.73479  -0.95963
0.15328  -0.30424  0.24671  2.4977  0.73451  -0.95942
0.15322  -0.30439  0.2465  2.4981  0.73422  -0.95921
0.15317  -0.30454  0.2463  2.4985  0.73394  -0.959
0.15311  -0.30469  0.24609  2.4989  0.73366  -0.9588
0.15306  -0.30485  0.24589  2.4993  0.73339  -0.95859
0.153  -0.305  0.24568  2.4997  0.73311  -0.95839
0.15294  -0.30515  0.24547  2.5001  0.73283  -0.95818
0.15289  -0.3053  0.24527  2.5005  0.73256  -0.95798
0.15283  -0.30545  0.24506  2.5009  0.73229  -0.95777
0.15278  -0.3056  0.24485  2.5012  0.73202  -0.95758
0.15273  -0.30575  0.24465  2.5016  0.73175  -0.95738
0.15267  -0.3059  0.24444  2.502  0.73149  -0.95718
0.15262  -0.30605  0.24424  2.5024  0.73122  -0.95698
0.15257  -0.3062  0.24403  2.5028  0.73097  -0.95679
0.15251  -0.30635  0.24383  2.5032  0.73071  -0.9566
0.15246  -0.3065  0.24362  2.5035  0.73045  -0.95641
0.15241  -0.30665  0.24342  2.5039  0.7302  -0.95622
0.15235  -0.3068  0.24321  2.5043  0.72994  -0.95602
0.1523  -0.30695  0.24301  2.5047  0.72969  -0.95584
0.15225  -0.3071  0.2428  2.5051  0.72944  -0.95565
0.1522  -0.30725  0.24259  2.5055  0.72919  -0.95546
0.15215  -0.3074  0.24239  2.5059  0.72895  -0.95528
0.1521  -0.30755  0.24219  2.5063  0.7287  -0.9551
0.15205  -0.30769  0.24198  2.5066  0.72847  -0.95492
0.152  -0.30784  0.24178  2.507  0.72823  -0.95474
0.15195  -0.30799  0.24157  2.5074  0.72799  -0.95456
0.1519  -0.30814  0.24137  2.5078  0.72775  -0.95438
0.15185  -0.30829  0.24116  2.5082  0.72751  -0.9542
0.1518  -0.30843  0.24096  2.5086  0.72728  -0.95402
0.15175  -0.30858  0.24075  2.509  0.72705  -0.95385
0.1517  -0.30873  0.24055  2.5093  0.72682  -0.95367
0.15165  -0.30887  0.24034  2.5097  0.7266  -0.9535
0.1516  -0.30902  0.24014  2.5101  0.72637  -0.95333
0.15155  -0.30917  0.23994  2.5105  0.72615  -0.95316
0.15151  -0.30931  0.23973  2.5109  0.72593  -0.953
0.15146  -0.30946  0.23953  2.5113  0.72571  -0.95283
0.15141  -0.3096  0.23932  2.5116  0.72549  -0.95266
0.15136  -0.30975  0.23912  2.512  0.72527  -0.95249
0.15132  -0.3099  0.23891  2.5124  0.72505  -0.95232
0.15127  -0.31004  0.23871  2.5128  0.72484  -0.95216
0.15122  -0.31019  0.2385  2.5132  0.72462  -0.95199
0.15118  -0.31033  0.2383  2.5136  0.72441  -0.95183
0.15113  -0.31048  0.2381  2.514  0.7242  -0.95167
0.15109  -0.31062  0.2379  2.5143  0.724  -0.95151
0.15104  -0.31077  0.23769  2.5147  0.72379  -0.95135
0.15099  -0.31091  0.23749  2.5151  0.72358  -0.95119
0.15095  -0.31105  0.23728  2.5155  0.72338  -0.95103
0.1509  -0.3112  0.23708  2.5159  0.72317  -0.95088
0.15086  -0.31134  0.23687  2.5163  0.72297  -0.95072
0.15081  -0.31149  0.23667  2.5166  0.72277  -0.95057
0.15077  -0.31163  0.23647  2.517  0.72257  -0.95041
0.15072  -0.31177  0.23626  2.5174  0.72237  -0.95026
0.15068  -0.31192  0.23606  2.5178  0.72218  -0.95011
0.15064  -0.31206  0.23586  2.5182  0.72199  -0.94996
0.15059  -0.3122  0.23565  2.5185  0.72179  -0.94981
0.15055  -0.31235  0.23545  2.5189  0.7216  -0.94965
0.15051  -0.31249  0.23524  2.5193  0.7214  -0.9495
0.15046  -0.31263  0.23504  2.5197  0.72121  -0.94935
0.15042  -0.31277  0.23484  2.5201  0.72103  -0.94921
0.15038  -0.31292  0.23463  2.5205  0.72084  -0.94906
0.15033  -0.31306  0.23443  2.5209  0.72065  -0.94891
0.15029  -0.3132  0.23423  2.5212  0.72047  -0.94877
0.15025  -0.31334  0.23402  2.5216  0.72028  -0.94863
0.15021  -0.31348  0.23382  2.522  0.7201  -0.94848
0.15016  -0.31363  0.23362  2.5224  0.71992  -0.94834
0.15012  -0.31377  0.23341  2.5228  0.71974  -0.94819
0.15008  -0.31391  0.23321  2.5231  0.71955  -0.94805
0.15004  -0.31405  0.233  2.5235  0.71937  -0.94791
0.15  -0.31419  0.2328  2.5239  0.7192  -0.94777
0.14995  -0.31433  0.23259  2.5243  0.71902  -0.94762
0.14991  -0.31447  0.23239  2.5247  0.71884  -0.94748
0.14987  -0.31461  0.23219  2.525  0.71866  -0.94735
0.14983  -0.31475  0.23198  2.5254  0.71849  -0.94721
0.14979  -0.31489  0.23178  2.5258  0.71832  -0.94707
0.14975  -0.31503  0.23157  2.5262  0.71814  -0.94693
0.14971  -0.31517  0.23137  2.5266  0.71796  -0.94679
0.14967  -0.31531  0.23116  2.527  0.71779  -0.94665
0.14963  -0.31545  0.23096  2.5273  0.71762  -0.94652
0.14959  -0.31559  0.23075  2.5277  0.71744  -0.94638
0.14955  -0.31573  0.23055  2.5281  0.71727  -0.94624
0.1495  -0.31587  0.23034  2.5285  0.7171  -0.94611
0.14946  -0.31601  0.23014  2.5289  0.71693  -0.94597
0.14942  -0.31615  0.22994  2.5292  0.71676  -0.94584
0.14938  -0.31629  0.22973  2.5296  0.71659  -0.9457
0.14934  -0.31643  0.22952  2.53  0.71642  -0.94557
0.1493  -0.31657  0.22932  2.5304  0.71625  -0.94543
0.14926  -0.31671  0.22911  2.5308  0.71608  -0.9453
0.14922  -0.31684  0.2289  2.5312  0.71591  -0.94516
0.14918  -0.31698  0.2287  2.5315  0.71575  -0.94503
0.14914  -0.31712  0.22849  2.5319  0.71558  -0.94489
0.1491  -0.31726  0.22829  2.5323  0.71541  -0.94476
0.14906  -0.31739  0.22808  2.5327  0.71525  -0.94463
0.14902  -0.31753  0.22788  2.5331  0.71508  -0.9445
0.14898  -0.31767  0.22767  2.5335  0.71491  -0.94436
0.14894  -0.31781  0.22746  2.5338  0.71474  -0.94423
0.1489  -0.31794  0.22725  2.5342  0.71457  -0.9441
0.14886  -0.31808  0.22705  2.5346  0.71441  -0.94396
0.14882  -0.31822  0.22684  2.535  0.71424  -0.94383
0.14878  -0.31835  0.22663  2.5354  0.71407  -0.94369
0.14874  -0.31849  0.22642  2.5358  0.7139  -0.94356
0.1487  -0.31862  0.22622  2.5362  0.71374  -0.94343
0.14866  -0.31876  0.22601  2.5365  0.71357  -0.9433
0.14862  -0.31889  0.2258  2.5369  0.71341  -0.94317
0.14858  -0.31903  0.22559  2.5373  0.71324  -0.94303
0.14854  -0.31917  0.22538  2.5377  0.71307  -0.9429
0.1485  -0.3193  0.22517  2.5381  0.7129  -0.94277
0.14846  -0.31944  0.22496  2.5385  0.71273  -0.94263
0.14842  -0.31957  0.22475  2.5389  0.71256  -0.9425
0.14838  -0.3197  0.22454  2.5393  0.71239  -0.94237
0.14834  -0.31984  0.22433  2.5396  0.71223  -0.94223
0.1483  -0.31997  0.22413  2.54  0.71206  -0.9421
0.14826  -0.3201  0.22392  2.5404  0.71189  -0.94197
0.14822  -0.32024  0.2237  2.5408  0.71172  -0.94183
0.14818  -0.32037  0.22349  2.5412  0.71155  -0.9417
0.14814  -0.3205  0.22328  2.5416  0.71138  -0.94156
0.1481  -0.32064  0.22307  2.542  0.71121  -0.94143
0.14806  -0.32077  0.22286  2.5424  0.71104  -0.94129
0.14802  -0.3209  0.22264  2.5428  0.71086  -0.94116
0.14798  -0.32103  0.22243  2.5432  0.71069  -0.94102
0.14794  -0.32116  0.22222  2.5436  0.71052  -0.94089
0.1479  -0.3213  0.22201  2.544  0.71035  -0.94076
0.14786  -0.32143  0.2218  2.5443  0.71018  -0.94062
0.14782  -0.32156  0.22158  2.5447  0.71001  -0.94048
0.14778  -0.32169  0.22137  2.5451  0.70983  -0.94035
0.14774  -0.32182  0.22116  2.5455  0.70966  -0.94021
0.1477  -0.32195  0.22094  2.5459  0.70948  -0.94007
0.14766  -0.32208  0.22073  2.5463  0.7093  -0.93994
0.14761  -0.32221  0.22051  2.5467  0.70913  -0.9398
0.14757  -0.32233  0.2203  2.5471  0.70895  -0.93966
0.14753  -0.32246  0.22008  2.5475  0.70878  -0.93953
0.14749  -0.32259  0.21987  2.5479  0.70861  -0.93939
0.14745  -0.32272  0.21965  2.5483  0.70843  -0.93925
0.14741  -0.32284  0.21944  2.5487  0.70825  -0.93912
0.14737  -0.32297  0.21922  2.5491  0.70808  -0.93898
0.14733  -0.3231  0.219  2.5495  0.7079  -0.93884
0.14729  -0.32323  0.21879  2.5499  0.70772  -0.9387
0.14724  -0.32335  0.21857  2.5504  0.70754  -0.93856
0.1472  -0.32348  0.21835  2.5508  0.70736  -0.93842
0.14716  -0.3236  0.21813  2.5512  0.70718  -0.93828
0.14712  -0.32373  0.21792  2.5516  0.707  -0.93814
0.14708  -0.32385  0.2177  2.552  0.70682  -0.938
0.14704  -0.32397  0.21748  2.5524  0.70664  -0.93786
0.147  -0.3241  0.21726  2.5528  0.70646  -0.93772
0.14695  -0.32422  0.21704  2.5532  0.70627  -0.93758
0.14691  -0.32434  0.21682  2.5536  0.70609  -0.93744
0.14687  -0.32447  0.2166  2.554  0.70591  -0.93729
0.14683  -0.32459  0.21638  2.5544  0.70572  -0.93715
0.14679  -0.32471  0.21616  2.5549  0.70554  -0.93701
0.14674  -0.32483  0.21594  2.5553  0.70535  -0.93687
0.1467  -0.32495  0.21572  2.5557  0.70517  -0.93673
0.14666  -0.32507  0.2155  2.5561  0.70499  -0.93658
0.14662  -0.32519  0.21528  2.5565  0.7048  -0.93644
0.14658  -0.32531  0.21506  2.5569  0.70461  -0.9363
0.14653  -0.32543  0.21483  2.5574  0.70443  -0.93615
0.14649  -0.32555  0.21461  2.5578  0.70424  -0.93601
0.14645  -0.32566  0.21439  2.5582  0.70405  -0.93586
0.1464  -0.32578  0.21416  2.5586  0.70386  -0.93572
0.14636  -0.3259  0.21394  2.559  0.70367  -0.93557
0.14632  -0.32601  0.21372  2.5595  0.70348  -0.93543
0.14628  -0.32613  0.21349  2.5599  0.70329  -0.93528
0.14624  -0.32624  0.21327  2.5603  0.7031  -0.93514
0.14619  -0.32636  0.21304  2.5607  0.70291  -0.93499
0.14615  -0.32647  0.21282  2.5612  0.70272  -0.93484
0.14611  -0.32659  0.21259  2.5616  0.70253  -0.9347
0.14606  -0.3267  0.21237  2.562  0.70234  -0.93455
0.14602  -0.32681  0.21214  2.5625  0.70214  -0.9344
0.14598  -0.32693  0.21191  2.5629  0.70195  -0.93425
0.14593  -0.32704  0.21169  2.5633  0.70176  -0.9341
0.14589  -0.32715  0.21146  2.5638  0.70157  -0.93396
0.14585  -0.32726  0.21124  2.5642  0.70137  -0.93381
0.14581  -0.32737  0.21101  2.5646  0.70118  -0.93366
0.14576  -0.32748  0.21078  2.5651  0.70098  -0.93351
0.14572  -0.32759  0.21055  2.5655  0.70079  -0.93336
0.14568  -0.3277  0.21032  2.5659  0.70059  -0.93321
0.14563  -0.32781  0.21009  2.5664  0.70039  -0.93306
0.14559  -0.32792  0.20987  2.5668  0.70019  -0.93291
0.14555  -0.32802  0.20964  2.5673  0.7  -0.93276
0.1455  -0.32813  0.20941  2.5677  0.6998  -0.93261
0.14546  -0.32824  0.20918  2.5681  0.69961  -0.93246
0.14542  -0.32834  0.20895  2.5686  0.69941  -0.93231
0.14537  -0.32844  0.20872  2.569  0.69921  -0.93216
0.14533  -0.32855  0.20849  2.5695  0.69902  -0.932
0.14529  -0.32865  0.20826  2.5699  0.69882  -0.93185
0.14524  -0.32876  0.20803  2.5704  0.69862  -0.9317
0.1452  -0.32886  0.20779  2.5708  0.69842  -0.93155
0.14516  -0.32896  0.20756  2.5713  0.69822  -0.93139
0.14511  -0.32906  0.20733  2.5717  0.69802  -0.93124
0.14507  -0.32916  0.2071  2.5722  0.69782  -0.93109
0.14503  -0.32926  0.20687  2.5726  0.69763  -0.93094
0.14498  -0.32936  0.20664  2.5731  0.69743  -0.93079
0.14494  -0.32946  0.2064  2.5736  0.69723  -0.93064
0.1449  -0.32956  0.20617  2.574  0.69703  -0.93048
0.14485  -0.32965  0.20594  2.5745  0.69683  -0.93033
0.14481  -0.32975  0.2057  2.5749  0.69663  -0.93018
0.14477  -0.32985  0.20547  2.5754  0.69643  -0.93002
0.14473  -0.32994  0.20523  2.5758  0.69623  -0.92987
0.14468  -0.33004  0.205  2.5763  0.69603  -0.92972
0.14464  -0.33013  0.20477  2.5768  0.69583  -0.92956
0.1446  -0.33022  0.20453  2.5772  0.69564  -0.92941
0.14455  -0.33031  0.2043  2.5777  0.69544  -0.92926
0.14451  -0.3304  0.20406  2.5782  0.69524  -0.92911
0.14447  -0.3305  0.20383  2.5786  0.69504  -0.92895
0.14443  -0.33059  0.20359  2.5791  0.69484  -0.9288
0.14438  -0.33068  0.20336  2.5796  0.69464  -0.92865
0.14434  -0.33077  0.20312  2.58  0.69444  -0.92849
0.1443  -0.33085  0.20289  2.5805  0.69425  -0.92834
0.14426  -0.33094  0.20265  2.581  0.69405  -0.92819
0.14421  -0.33103  0.20242  2.5815  0.69385  -0.92804
0.14417  -0.33111  0.20218  2.5819  0.69366  -0.92789
0.14413  -0.3312  0.20195  2.5824  0.69346  -0.92773
0.14409  -0.33128  0.20171  2.5829  0.69327  -0.92758
0.14405  -0.33137  0.20147  2.5834  0.69307  -0.92743
0.144  -0.33145  0.20124  2.5838  0.69287  -0.92728
0.14396  -0.33153  0.201  2.5843  0.69268  -0.92712
0.14392  -0.33161  0.20076  2.5848  0.69248  -0.92697
0.14388  -0.3317  0.20052  2.5853  0.69229  -0.92682
0.14384  -0.33178  0.20029  2.5858  0.69209  -0.92667
0.1438  -0.33185  0.20005  2.5862  0.6919  -0.92652
0.14376  -0.33193  0.19981  2.5867  0.69171  -0.92637
0.14371  -0.33201  0.19958  2.5872  0.69151  -0.92622
0.14367  -0.33209  0.19934  2.5877  0.69132  -0.92607
0.14363  -0.33217  0.1991  2.5882  0.69113  -0.92591
0.14359  -0.33224  0.19886  2.5887  0.69093  -0.92576
0.14355  -0.33232  0.19862  2.5892  0.69074  -0.92561
0.14351  -0.33239  0.19839  2.5897  0.69055  -0.92546
0.14347  -0.33247  0.19815  2.5901  0.69035  -0.92531
0.14343  -0.33254  0.19791  2.5906  0.69016  -0.92516
0.14339  -0.33261  0.19767  2.5911  0.68997  -0.92501
0.14335  -0.33268  0.19744  2.5916  0.68978  -0.92486
0.14331  -0.33275  0.1972  2.5921  0.68959  -0.92471
0.14327  -0.33282  0.19696  2.5926  0.6894  -0.92456
0.14323  -0.3329  0.19672  2.5931  0.68921  -0.92441
0.14318  -0.33297  0.19648  2.5936  0.68902  -0.92426
0.14314  -0.33303  0.19624  2.5941  0.68883  -0.92411
0.1431  -0.3331  0.196  2.5946  0.68864  -0.92396
0.14306  -0.33317  0.19576  2.5951  0.68845  -0.92381
0.14302  -0.33323  0.19553  2.5956  0.68826  -0.92366
0.14299  -0.3333  0.19529  2.5961  0.68807  -0.92351
0.14295  -0.33336  0.19505  2.5966  0.68789  -0.92336
0.14291  -0.33343  0.19481  2.5971  0.6877  -0.92321
0.14287  -0.33349  0.19457  2.5976  0.68751  -0.92306
0.14283  -0.33356  0.19433  2.5981  0.68732  -0.92291
0.14279  -0.33362  0.1941  2.5986  0.68713  -0.92276
0.14275  -0.33368  0.19386  2.5991  0.68694  -0.92261
0.14271  -0.33374  0.19362  2.5996  0.68675  -0.92246
0.14267  -0.3338  0.19338  2.6001  0.68657  -0.92231
0.14263  -0.33386  0.19314  2.6006  0.68638  -0.92217
0.14259  -0.33392  0.1929  2.6011  0.68619  -0.92202
0.14255  -0.33398  0.19266  2.6016  0.68601  -0.92187
0.14251  -0.33404  0.19242  2.6021  0.68582  -0.92172
0.14247  -0.3341  0.19219  2.6026  0.68563  -0.92157
0.14243  -0.33415  0.19195  2.6031  0.68544  -0.92142
0.14239  -0.33421  0.19171  2.6036  0.68525  -0.92127
0.14236  -0.33427  0.19147  2.6041  0.68507  -0.92112
0.14232  -0.33432  0.19123  2.6046  0.68488  -0.92098
0.14228  -0.33438  0.19099  2.6051  0.68469  -0.92083
0.14224  -0.33443  0.19075  2.6056  0.68451  -0.92068
0.1422  -0.33448  0.19051  2.6061  0.68432  -0.92053
0.14216  -0.33453  0.19028  2.6066  0.68414  -0.92038
0.14212  -0.33459  0.19004  2.6072  0.68395  -0.92024
0.14209  -0.33464  0.1898  2.6077  0.68377  -0.92009
0.14205  -0.33469  0.18956  2.6082  0.68358  -0.91994
0.14201  -0.33474  0.18932  2.6087  0.68339  -0.91979
0.14197  -0.33479  0.18908  2.6092  0.68321  -0.91964
0.14193  -0.33484  0.18884  2.6097  0.68302  -0.91949
0.1419  -0.33489  0.18861  2.6102  0.68284  -0.91935
0.14186  -0.33494  0.18837  2.6107  0.68266  -0.9192
0.14182  -0.33499  0.18813  2.6112  0.68247  -0.91905
0.14178  -0.33503  0.1879  2.6117  0.68229  -0.91891
0.14174  -0.33508  0.18766  2.6122  0.6821  -0.91876
0.14171  -0.33513  0.18742  2.6128  0.68192  -0.91861
0.14167  -0.33517  0.18718  2.6133  0.68173  -0.91846
0.14163  -0.33522  0.18695  2.6138  0.68155  -0.91832
0.14159  -0.33526  0.18671  2.6143  0.68137  -0.91817
0.14155  -0.33531  0.18647  2.6148  0.68118  -0.91802
0.14152  -0.33535  0.18624  2.6153  0.681  -0.91788
0.14148  -0.33539  0.186  2.6158  0.68082  -0.91773
0.14144  -0.33544  0.18577  2.6163  0.68064  -0.91759
0.14141  -0.33548  0.18553  2.6168  0.68045  -0.91744
0.14137  -0.33552  0.18529  2.6173  0.68027  -0.91729
0.14133  -0.33556  0.18506  2.6178  0.68009  -0.91715
0.14129  -0.33561  0.18482  2.6184  0.6799  -0.917
0.14126  -0.33565  0.18458  2.6189  0.67972  -0.91686
0.14122  -0.33569  0.18435  2.6194  0.67954  -0.91671
0.14118  -0.33573  0.18411  2.6199  0.67936  -0.91656
0.14115  -0.33576  0.18388  2.6204  0.67918  -0.91642
0.14111  -0.3358  0.18365  2.6209  0.679  -0.91628
0.14107  -0.33584  0.18341  2.6214  0.67882  -0.91613
0.14104  -0.33588  0.18318  2.6219  0.67863  -0.91599
0.141  -0.33592  0.18295  2.6224  0.67845  -0.91584
0.14096  -0.33595  0.18271  2.6229  0.67827  -0.9157
0.14093  -0.33599  0.18248  2.6234  0.67809  -0.91555
0.14089  -0.33603  0.18225  2.6239  0.67791  -0.91541
0.14085  -0.33606  0.18201  2.6244  0.67773  -0.91526
0.14082  -0.3361  0.18178  2.6249  0.67755  -0.91512
0.14078  -0.33614  0.18155  2.6254  0.67737  -0.91498
0.14074  -0.33617  0.18132  2.6259  0.67719  -0.91483
0.14071  -0.3362  0.18109  2.6264  0.67701  -0.91469
0.14067  -0.33624  0.18086  2.6269  0.67683  -0.91455
0.14064  -0.33627  0.18063  2.6274  0.67666  -0.91441
0.1406  -0.33631  0.18039  2.6279  0.67648  -0.91426
0.14056  -0.33634  0.18016  2.6284  0.6763  -0.91412
0.14053  -0.33637  0.17993  2.6289  0.67612  -0.91398
0.14049  -0.33641  0.1797  2.6294  0.67594  -0.91383
0.14046  -0.33644  0.17947  2.6299  0.67576  -0.91369
0.14042  -0.33647  0.17925  2.6304  0.67559  -0.91355
0.14039  -0.3365  0.17902  2.6309  0.67541  -0.91341
0.14035  -0.33653  0.17879  2.6314  0.67523  -0.91327
0.14031  -0.33657  0.17856  2.6319  0.67505  -0.91313
0.14028  -0.3366  0.17833  2.6324  0.67487  -0.91299
0.14024  -0.33663  0.17811  2.6329  0.6747  -0.91284
0.14021  -0.33666  0.17788  2.6334  0.67452  -0.9127
0.14017  -0.33669  0.17765  2.6339  0.67434  -0.91256
0.14014  -0.33672  0.17743  2.6344  0.67416  -0.91242
0.1401  -0.33675  0.1772  2.6349  0.67399  -0.91228
0.14007  -0.33678  0.17698  2.6354  0.67381  -0.91214
0.14003  -0.33681  0.17675  2.6358  0.67363  -0.912
0.14  -0.33684  0.17653  2.6363  0.67346  -0.91186
0.13996  -0.33687  0.1763  2.6368  0.67328  -0.91172
0.13993  -0.33689  0.17608  2.6373  0.6731  -0.91158
0.13989  -0.33692  0.17585  2.6378  0.67293  -0.91144
0.13986  -0.33695  0.17563  2.6383  0.67275  -0.9113
0.13982  -0.33698  0.17541  2.6388  0.67257  -0.91116
0.13979  -0.33701  0.17518  2.6392  0.6724  -0.91103
0.13975  -0.33703  0.17496  2.6397  0.67222  -0.91089
0.13972  -0.33706  0.17474  2.6402  0.67205  -0.91075
0.13968  -0.33709  0.17452  2.6407  0.67187  -0.91061
0.13965  -0.33711  0.1743  2.6411  0.6717  -0.91047
0.13961  -0.33714  0.17408  2.6416  0.67152  -0.91033
0.13958  -0.33717  0.17386  2.6421  0.67135  -0.9102
0.13954  -0.33719  0.17364  2.6426  0.67117  -0.91006
0.13951  -0.33722  0.17342  2.6431  0.67099  -0.90992
0.13947  -0.33725  0.1732  2.6435  0.67082  -0.90978
0.13944  -0.33727  0.17298  2.644  0.67064  -0.90965
0.13941  -0.3373  0.17277  2.6445  0.67047  -0.90951
0.13937  -0.33732  0.17255  2.6449  0.67029  -0.90937
0.13934  -0.33735  0.17234  2.6454  0.67012  -0.90924
0.1393  -0.33737  0.17212  2.6459  0.66994  -0.9091
0.13927  -0.3374  0.1719  2.6463  0.66977  -0.90896
0.13923  -0.33742  0.17169  2.6468  0.66959  -0.90883
0.1392  -0.33745  0.17147  2.6473  0.66942  -0.90869
0.13916  -0.33747  0.17126  2.6477  0.66924  -0.90855
0.13913  -0.3375  0.17104  2.6482  0.66907  -0.90842
0.1391  -0.33752  0.17083  2.6486  0.6689  -0.90828
0.13906  -0.33755  0.17062  2.6491  0.66872  -0.90815
0.13903  -0.33757  0.17041  2.6495  0.66855  -0.90801
0.13899  -0.33759  0.17019  2.65  0.66837  -0.90788
0.13896  -0.33762  0.16998  2.6504  0.6682  -0.90774
0.13893  -0.33764  0.16977  2.6509  0.66802  -0.90761
0.13889  -0.33767  0.16956  2.6514  0.66785  -0.90747
0.13886  -0.33769  0.16935  2.6518  0.66768  -0.90734
0.13882  -0.33771  0.16914  2.6523  0.6675  -0.9072
0.13879  -0.33774  0.16893  2.6527  0.66733  -0.90707
0.13876  -0.33776  0.16872  2.6531  0.66715  -0.90694
0.13872  -0.33778  0.16851  2.6536  0.66698  -0.9068
0.13869  -0.3378  0.16831  2.654  0.66681  -0.90667
0.13865  -0.33783  0.1681  2.6545  0.66663  -0.90654
0.13862  -0.33785  0.16789  2.6549  0.66646  -0.9064
0.13859  -0.33787  0.16768  2.6554  0.66629  -0.90627
0.13855  -0.33789  0.16748  2.6558  0.66611  -0.90614
0.13852  -0.33792  0.16727  2.6562  0.66594  -0.906
0.13849  -0.33794  0.16707  2.6567  0.66577  -0.90587
0.13845  -0.33796  0.16686  2.6571  0.66559  -0.90574
0.13842  -0.33798  0.16666  2.6575  0.66542  -0.90561
0.13839  -0.338  0.16646  2.658  0.66525  -0.90548
0.13835  -0.33803  0.16626  2.6584  0.66507  -0.90534
0.13832  -0.33805  0.16605  2.6588  0.6649  -0.90521
0.13828  -0.33807  0.16585  2.6593  0.66473  -0.90508
0.13825  -0.33809  0.16565  2.6597  0.66455  -0.90495
0.13822  -0.33811  0.16545  2.6601  0.66438  -0.90482
0.13818  -0.33813  0.16524  2.6605  0.66421  -0.90469
0.13815  -0.33816  0.16504  2.661  0.66403  -0.90456
0.13812  -0.33818  0.16484  2.6614  0.66386  -0.90443
0.13808  -0.3382  0.16465  2.6618  0.66369  -0.90429
0.13805  -0.33822  0.16445  2.6622  0.66352  -0.90416
0.13802  -0.33824  0.16425  2.6626  0.66334  -0.90403
0.13798  -0.33826  0.16405  2.6631  0.66317  -0.9039
0.13795  -0.33828  0.16385  2.6635  0.663  -0.90377
0.13792  -0.3383  0.16366  2.6639  0.66282  -0.90364
0.13788  -0.33832  0.16346  2.6643  0.66265  -0.90351
0.13785  -0.33834  0.16326  2.6647  0.66248  -0.90338
0.13782  -0.33836  0.16307  2.6651  0.6623  -0.90325
0.13778  -0.33839  0.16287  2.6655  0.66213  -0.90313
0.13775  -0.33841  0.16268  2.6659  0.66196  -0.903
0.13772  -0.33843  0.16249  2.6663  0.66178  -0.90287
0.13768  -0.33845  0.1623  2.6667  0.66161  -0.90274
0.13765  -0.33847  0.1621  2.6671  0.66144  -0.90261
0.13762  -0.33849  0.16191  2.6676  0.66126  -0.90248
0.13759  -0.33851  0.16172  2.668  0.66109  -0.90235
0.13755  -0.33853  0.16152  2.6684  0.66092  -0.90222
0.13752  -0.33855  0.16133  2.6687  0.66074  -0.90209
0.13749  -0.33857  0.16114  2.6691  0.66057  -0.90197
0.13745  -0.33859  0.16095  2.6695  0.66039  -0.90184
0.13742  -0.33861  0.16077  2.6699  0.66022  -0.90171
0.13739  -0.33863  0.16058  2.6703  0.66005  -0.90158
0.13735  -0.33865  0.16039  2.6707  0.65987  -0.90145
0.13732  -0.33867  0.1602  2.6711  0.6597  -0.90133
0.13729  -0.33869  0.16001  2.6715  0.65952  -0.9012
0.13725  -0.33871  0.15982  2.6719  0.65935  -0.90107
0.13722  -0.33873  0.15964  2.6723  0.65917  -0.90094
0.13719  -0.33875  0.15945  2.6726  0.65899  -0.90081
0.13715  -0.33877  0.15927  2.673  0.65882  -0.90069
0.13712  -0.33879  0.15908  2.6734  0.65864  -0.90056
0.13709  -0.33881  0.1589  2.6738  0.65847  -0.90043
0.13705  -0.33883  0.15872  2.6742  0.65829  -0.9003
0.13702  -0.33885  0.15853  2.6745  0.65812  -0.90018
0.13699  -0.33887  0.15835  2.6749  0.65794  -0.90005
0.13695  -0.33889  0.15817  2.6753  0.65776  -0.89992
0.13692  -0.33891  0.15798  2.6757  0.65759  -0.89979
0.13689  -0.33893  0.1578  2.676  0.65741  -0.89967
0.13685  -0.33895  0.15762  2.6764  0.65723  -0.89954
0.13682  -0.33897  0.15744  2.6768  0.65706  -0.89941
0.13679  -0.33899  0.15726  2.6771  0.65688  -0.89929
0.13675  -0.33901  0.15708  2.6775  0.6567  -0.89916
0.13672  -0.33903  0.15691  2.6779  0.65653  -0.89903
0.13669  -0.33905  0.15673  2.6782  0.65635  -0.89891
0.13665  -0.33907  0.15655  2.6786  0.65617  -0.89878
0.13662  -0.33909  0.15637  2.6789  0.65599  -0.89865
0.13659  -0.33911  0.15619  2.6793  0.65582  -0.89853
0.13655  -0.33913  0.15601  2.6797  0.65564  -0.8984
0.13652  -0.33915  0.15584  2.68  0.65546  -0.89828
0.13649  -0.33917  0.15566  2.6804  0.65528  -0.89815
0.13645  -0.33919  0.15549  2.6807  0.6551  -0.89802
0.13642  -0.33921  0.15531  2.6811  0.65493  -0.8979
0.13639  -0.33923  0.15514  2.6814  0.65475  -0.89777
0.13635  -0.33925  0.15497  2.6818  0.65457  -0.89765
0.13632  -0.33927  0.15479  2.6821  0.65439  -0.89752
0.13628  -0.33929  0.15462  2.6825  0.65421  -0.8974
0.13625  -0.33931  0.15445  2.6828  0.65403  -0.89727
0.13622  -0.33933  0.15427  2.6832  0.65385  -0.89714
0.13618  -0.33935  0.1541  2.6835  0.65367  -0.89702
0.13615  -0.33937  0.15393  2.6838  0.6535  -0.89689
0.13612  -0.3394  0.15376  2.6842  0.65332  -0.89677
0.13608  -0.33942  0.15359  2.6845  0.65314  -0.89665
0.13605  -0.33944  0.15342  2.6849  0.65296  -0.89652
0.13602  -0.33946  0.15325  2.6852  0.65278  -0.8964
0.13598  -0.33948  0.15308  2.6855  0.6526  -0.89627
0.13595  -0.3395  0.15291  2.6859  0.65242  -0.89615
0.13592  -0.33952  0.15275  2.6862  0.65224  -0.89602
0.13588  -0.33954  0.15258  2.6865  0.65206  -0.8959
0.13585  -0.33956  0.15241  2.6869  0.65188  -0.89577
0.13582  -0.33958  0.15225  2.6872  0.6517  -0.89565
0.13578  -0.3396  0.15208  2.6875  0.65153  -0.89553
0.13575  -0.33962  0.15192  2.6878  0.65135  -0.8954
0.13572  -0.33964  0.15175  2.6882  0.65117  -0.89528
0.13568  -0.33966  0.15159  2.6885  0.65099  -0.89516
0.13565  -0.33968  0.15142  2.6888  0.65081  -0.89504
0.13562  -0.3397  0.15126  2.6891  0.65063  -0.89491
0.13558  -0.33972  0.15109  2.6894  0.65045  -0.89479
0.13555  -0.33974  0.15093  2.6898  0.65028  -0.89467
0.13552  -0.33977  0.15077  2.6901  0.6501  -0.89455
0.13548  -0.33979  0.15061  2.6904  0.64992  -0.89443
0.13545  -0.33981  0.15045  2.6907  0.64975  -0.89431
0.13542  -0.33983  0.15029  2.691  0.64957  -0.89419
0.13539  -0.33985  0.15013  2.6913  0.64939  -0.89407
0.13535  -0.33987  0.14997  2.6916  0.64922  -0.89394
0.13532  -0.33989  0.14981  2.6919  0.64904  -0.89382
0.13529  -0.33991  0.14965  2.6923  0.64887  -0.89371
0.13526  -0.33993  0.14949  2.6926  0.64869  -0.89359
0.13522  -0.33995  0.14933  2.6929  0.64852  -0.89347
0.13519  -0.33997  0.14918  2.6932  0.64834  -0.89335
0.13516  -0.33999  0.14902  2.6935  0.64817  -0.89323
0.13513  -0.34001  0.14887  2.6938  0.648  -0.89312
0.13509  -0.34003  0.14871  2.6941  0.64783  -0.893
0.13506  -0.34005  0.14856  2.6944  0.64765  -0.89288
0.13503  -0.34008  0.1484  2.6947  0.64748  -0.89276
0.135  -0.3401  0.14825  2.695  0.64731  -0.89265
0.13497  -0.34012  0.14809  2.6952  0.64714  -0.89253
0.13494  -0.34014  0.14794  2.6955  0.64697  -0.89242
0.1349  -0.34016  0.14779  2.6958  0.6468  -0.8923
0.13487  -0.34018  0.14764  2.6961  0.64663  -0.89219
0.13484  -0.3402  0.14749  2.6964  0.64647  -0.89208
0.13481  -0.34022  0.14734  2.6967  0.6463  -0.89197
0.13478  -0.34024  0.14719  2.697  0.64614  -0.89185
0.13475  -0.34026  0.14704  2.6973  0.64597  -0.89174
0.13472  -0.34028  0.14689  2.6976  0.6458  -0.89163
0.13469  -0.3403  0.14674  2.6978  0.64564  -0.89152
0.13466  -0.34032  0.14659  2.6981  0.64548  -0.89141
0.13463  -0.34034  0.14644  2.6984  0.64531  -0.8913
0.1346  -0.34036  0.14629  2.6987  0.64515  -0.89119
0.13457  -0.34038  0.14615  2.699  0.64499  -0.89108
0.13454  -0.3404  0.146  2.6992  0.64483  -0.89097
0.13451  -0.34042  0.14586  2.6995  0.64467  -0.89087
0.13448  -0.34044  0.14571  2.6998  0.64452  -0.89076
0.13445  -0.34046  0.14557  2.7001  0.64436  -0.89065
0.13442  -0.34048  0.14542  2.7003  0.6442  -0.89054
0.13439  -0.3405  0.14528  2.7006  0.64404  -0.89044
0.13436  -0.34052  0.14514  2.7009  0.64389  -0.89033
0.13433  -0.34054  0.14499  2.7012  0.64373  -0.89023
0.1343  -0.34056  0.14485  2.7014  0.64358  -0.89013
0.13427  -0.34058  0.14471  2.7017  0.64343  -0.89002
0.13424  -0.3406  0.14457  2.702  0.64328  -0.88992
0.13422  -0.34062  0.14443  2.7022  0.64313  -0.88982
0.13419  -0.34064  0.14429  2.7025  0.64298  -0.88972
0.13416  -0.34066  0.14415  2.7028  0.64283  -0.88962
0.13413  -0.34067  0.14401  2.703  0.64268  -0.88952
0.1341  -0.34069  0.14387  2.7033  0.64254  -0.88942
0.13408  -0.34071  0.14373  2.7035  0.64239  -0.88932
0.13405  -0.34073  0.1436  2.7038  0.64225  -0.88922
0.13402  -0.34075  0.14346  2.7041  0.6421  -0.88913
0.13399  -0.34077  0.14332  2.7043  0.64196  -0.88903
0.13397  -0.34079  0.14319  2.7046  0.64182  -0.88893
0.13394  -0.34081  0.14305  2.7048  0.64168  -0.88884
0.13391  -0.34083  0.14292  2.7051  0.64154  -0.88874
0.13389  -0.34085  0.14278  2.7053  0.64139  -0.88865
0.13386  -0.34086  0.14265  2.7056  0.64125  -0.88855
0.13383  -0.34088  0.14251  2.7058  0.64112  -0.88846
0.13381  -0.3409  0.14238  2.7061  0.64098  -0.88836
0.13378  -0.34092  0.14225  2.7063  0.64084  -0.88827
0.13376  -0.34094  0.14212  2.7066  0.64071  -0.88818
0.13373  -0.34096  0.14199  2.7068  0.64057  -0.88809
0.13371  -0.34097  0.14186  2.7071  0.64044  -0.888
0.13368  -0.34099  0.14173  2.7073  0.64031  -0.88791
0.13366  -0.34101  0.14159  2.7076  0.64018  -0.88782
0.13363  -0.34103  0.14146  2.7078  0.64004  -0.88773
0.13361  -0.34104  0.14133  2.708  0.63991  -0.88764
0.13358  -0.34106  0.14121  2.7083  0.63979  -0.88755
0.13356  -0.34108  0.14108  2.7085  0.63966  -0.88747
0.13353  -0.3411  0.14095  2.7088  0.63953  -0.88738
0.13351  -0.34111  0.14082  2.709  0.6394  -0.88729
0.13348  -0.34114  0.14067  2.7093  0.63924  -0.88718
0.13344  -0.34117  0.14052  2.7096  0.63906  -0.88707
0.13341  -0.34119  0.14036  2.7099  0.63889  -0.88695
0.13338  -0.34122  0.14021  2.7101  0.63873  -0.88684
0.13335  -0.34124  0.14007  2.7104  0.63857  -0.88673
0.13332  -0.34127  0.13992  2.7107  0.63841  -0.88663
0.13329  -0.3413  0.13977  2.7109  0.63825  -0.88652
0.13326  -0.34132  0.13962  2.7112  0.63809  -0.88642
0.13323  -0.34135  0.13947  2.7115  0.63793  -0.88631
0.1332  -0.34137  0.13933  2.7117  0.63778  -0.88621
0.13317  -0.3414  0.13919  2.712  0.63764  -0.88611
0.13314  -0.34142  0.13904  2.7123  0.63749  -0.88601
0.13311  -0.34145  0.1389  2.7125  0.63734  -0.88591
0.13309  -0.34147  0.13876  2.7128  0.6372  -0.88582
0.13306  -0.3415  0.13862  2.713  0.63706  -0.88572
0.13303  -0.34152  0.13848  2.7133  0.63693  -0.88563
0.13301  -0.34155  0.13834  2.7135  0.63679  -0.88554
0.13298  -0.34157  0.1382  2.7138  0.63666  -0.88545
0.13296  -0.34159  0.13807  2.714  0.63652  -0.88536
0.13293  -0.34161  0.13793  2.7143  0.6364  -0.88527
0.13291  -0.34164  0.1378  2.7145  0.63627  -0.88519
0.13288  -0.34166  0.13766  2.7148  0.63615  -0.8851
0.13286  -0.34168  0.13753  2.715  0.63602  -0.88501
0.13283  -0.3417  0.1374  2.7153  0.6359  -0.88493
0.13281  -0.34173  0.13727  2.7155  0.63579  -0.88485
0.13279  -0.34175  0.13713  2.7158  0.63567  -0.88477
0.13276  -0.34177  0.137  2.716  0.63555  -0.88469
0.13274  -0.34179  0.13687  2.7162  0.63544  -0.88461
0.13272  -0.34181  0.13674  2.7165  0.63533  -0.88453
0.1327  -0.34183  0.13662  2.7167  0.63523  -0.88446
0.13268  -0.34185  0.13649  2.7169  0.63512  -0.88438
0.13265  -0.34187  0.13636  2.7172  0.63501  -0.88431
0.13263  -0.34189  0.13624  2.7174  0.63491  -0.88423
0.13261  -0.34191  0.13611  2.7176  0.6348  -0.88416
0.13259  -0.34193  0.13599  2.7179  0.6347  -0.88409
0.13257  -0.34194  0.13586  2.7181  0.6346  -0.88402
0.13255  -0.34196  0.13574  2.7183  0.6345  -0.88394
0.13253  -0.34198  0.13562  2.7186  0.6344  -0.88387
0.13251  -0.342  0.13549  2.7188  0.63431  -0.88381
0.13249  -0.34202  0.13537  2.719  0.63421  -0.88374
0.13247  -0.34203  0.13525  2.7192  0.63412  -0.88367
0.13246  -0.34205  0.13513  2.7194  0.63402  -0.8836
0.13244  -0.34207  0.13501  2.7197  0.63393  -0.88354
0.13242  -0.34208  0.13489  2.7199  0.63384  -0.88347
0.1324  -0.3421  0.13478  2.7201  0.63375  -0.88341
0.13238  -0.34212  0.13466  2.7203  0.63367  -0.88334
0.13236  -0.34213  0.13454  2.7205  0.63358  -0.88328
0.13235  -0.34215  0.13442  2.7208  0.63349  -0.88322
0.13233  -0.34217  0.13431  2.721  0.63341  -0.88316
0.13231  -0.34218  0.1342  2.7212  0.63333  -0.8831
0.1323  -0.3422  0.13408  2.7214  0.63325  -0.88304
0.13228  -0.34221  0.13397  2.7216  0.63317  -0.88298
0.13226  -0.34223  0.13385  2.7218  0.63309  -0.88292
0.13225  -0.34224  0.13374  2.722  0.63301  -0.88286
0.13223  -0.34226  0.13363  2.7222  0.63294  -0.88281
0.13222  -0.34227  0.13352  2.7224  0.63286  -0.88275
0.1322  -0.34229  0.13341  2.7227  0.63278  -0.88269
0.13218  -0.3423  0.1333  2.7229  0.63271  -0.88264
0.13217  -0.34232  0.13319  2.7231  0.63264  -0.88258
0.13215  -0.34233  0.13308  2.7233  0.63257  -0.88253
0.13214  -0.34235  0.13297  2.7235  0.6325  -0.88248
0.13212  -0.34236  0.13287  2.7237  0.63243  -0.88242
0.13211  -0.34237  0.13276  2.7239  0.63236  -0.88237
0.1321  -0.34239  0.13265  2.7241  0.63229  -0.88232
0.13208  -0.3424  0.13255  2.7242  0.63223  -0.88227
0.13207  -0.34242  0.13244  2.7244  0.63216  -0.88222
0.13205  -0.34243  0.13234  2.7246  0.6321  -0.88217
0.13204  -0.34244  0.13223  2.7248  0.63203  -0.88212
0.13203  -0.34246  0.13213  2.725  0.63197  -0.88207
0.13201  -0.34247  0.13203  2.7252  0.63191  -0.88203
0.132  -0.34248  0.13192  2.7254  0.63184  -0.88198
0.13199  -0.3425  0.13182  2.7256  0.63178  -0.88193
0.13197  -0.34251  0.13172  2.7258  0.63172  -0.88188
0.13196  -0.34252  0.13162  2.726  0.63166  -0.88184
0.13195  -0.34253  0.13152  2.7262  0.6316  -0.88179
0.13193  -0.34255  0.13142  2.7263  0.63154  -0.88174
0.13192  -0.34256  0.13132  2.7265  0.63148  -0.8817
0.13191  -0.34257  0.13122  2.7267  0.63142  -0.88165
0.1319  -0.34258  0.13113  2.7269  0.63136  -0.88161
0.13188  -0.34259  0.13103  2.7271  0.6313  -0.88156
0.13187  -0.3426  0.13093  2.7273  0.63124  -0.88151
0.13186  -0.34261  0.13083  2.7274  0.63118  -0.88147
0.13185  -0.34263  0.13073  2.7276  0.63112  -0.88142
0.13183  -0.34264  0.13064  2.7278  0.63107  -0.88138
0.13182  -0.34265  0.13054  2.728  0.63101  -0.88133
0.13181  -0.34266  0.13044  2.7282  0.63095  -0.88129
0.1318  -0.34267  0.13035  2.7283  0.63089  -0.88124
0.13178  -0.34267  0.13026  2.7285  0.63084  -0.8812
0.13177  -0.34268  0.13016  2.7287  0.63078  -0.88116
0.13176  -0.34269  0.13007  2.7289  0.63072  -0.88111
0.13175  -0.3427  0.12997  2.7291  0.63066  -0.88107
0.13174  -0.34271  0.12988  2.7292  0.63061  -0.88102
0.13172  -0.34272  0.12979  2.7294  0.63055  -0.88098
0.13171  -0.34272  0.12969  2.7296  0.63049  -0.88093
0.1317  -0.34273  0.1296  2.7298  0.63043  -0.88089
0.13169  -0.34274  0.12951  2.73  0.63038  -0.88084
0.13168  -0.34274  0.12941  2.7301  0.63032  -0.8808
0.13166  -0.34275  0.12932  2.7303  0.63026  -0.88076
0.13165  -0.34276  0.12923  2.7305  0.63021  -0.88071
0.13164  -0.34276  0.12914  2.7307  0.63015  -0.88067
0.13163  -0.34277  0.12905  2.7309  0.63009  -0.88062
0.13162  -0.34277  0.12895  2.731  0.63003  -0.88058
0.1316  -0.34278  0.12886  2.7312  0.62997  -0.88053
0.13159  -0.34278  0.12877  2.7314  0.62991  -0.88049
0.13158  -0.34279  0.12868  2.7316  0.62985  -0.88044
0.13157  -0.34279  0.12859  2.7317  0.62979  -0.8804
0.13155  -0.3428  0.1285  2.7319  0.62973  -0.88035
0.13154  -0.3428  0.12841  2.7321  0.62967  -0.8803
0.13153  -0.3428  0.12832  2.7323  0.6296  -0.88026
0.13152  -0.34281  0.12823  2.7324  0.62954  -0.88021
0.1315  -0.34281  0.12814  2.7326  0.62947  -0.88016
0.13149  -0.34282  0.12806  2.7328  0.62941  -0.88011
0.13148  -0.34282  0.12797  2.733  0.62934  -0.88007
0.13147  -0.34282  0.12788  2.7331  0.62928  -0.88002
0.13145  -0.34283  0.12779  2.7333  0.62921  -0.87997
0.13144  -0.34283  0.1277  2.7335  0.62914  -0.87992
0.13143  -0.34283  0.12762  2.7337  0.62908  -0.87987
0.13141  -0.34283  0.12753  2.7338  0.62901  -0.87982
0.1314  -0.34284  0.12744  2.734  0.62894  -0.87977
0.13139  -0.34284  0.12736  2.7342  0.62887  -0.87972
0.13137  -0.34284  0.12727  2.7343  0.6288  -0.87967
0.13136  -0.34284  0.12718  2.7345  0.62873  -0.87963
0.13135  -0.34285  0.1271  2.7347  0.62866  -0.87958
0.13133  -0.34285  0.12701  2.7349  0.62859  -0.87953
0.13132  -0.34285  0.12692  2.735  0.62852  -0.87948
0.13131  -0.34285  0.12684  2.7352  0.62845  -0.87943
0.13129  -0.34285  0.12675  2.7354  0.62838  -0.87938
0.13128  -0.34285  0.12667  2.7355  0.62832  -0.87933
0.13127  -0.34285  0.12658  2.7357  0.62825  -0.87928
0.13125  -0.34285  0.1265  2.7359  0.62818  -0.87923
0.13124  -0.34286  0.12641  2.736  0.62811  -0.87918
0.13123  -0.34286  0.12633  2.7362  0.62805  -0.87914
0.13121  -0.34286  0.12625  2.7364  0.62798  -0.87909
0.1312  -0.34286  0.12616  2.7365  0.62791  -0.87904
0.13119  -0.34286  0.12608  2.7367  0.62784  -0.87899
0.13118  -0.34286  0.126  2.7369  0.62778  -0.87894
0.13116  -0.34286  0.12592  2.737  0.62771  -0.8789
0.13115  -0.34286  0.12584  2.7372  0.62764  -0.87885
0.13114  -0.34286  0.12575  2.7374  0.62758  -0.8788
0.13112  -0.34286  0.12568  2.7375  0.62751  -0.87875
0.13111  -0.34286  0.12559  2.7377  0.62744  -0.87871
0.1311  -0.34286  0.12552  2.7378  0.62738  -0.87866
0.13109  -0.34286  0.12544  2.738  0.62732  -0.87862
0.13108  -0.34286  0.12536  2.7382  0.62725  -0.87857
0.13106  -0.34286  0.12528  2.7383  0.62719  -0.87852
0.13105  -0.34286  0.1252  2.7385  0.62713  -0.87848
0.13104  -0.34286  0.12512  2.7386  0.62707  -0.87844
0.13103  -0.34286  0.12505  2.7388  0.627  -0.87839
0.13102  -0.34286  0.12497  2.7389  0.62694  -0.87835
0.131  -0.34286  0.12489  2.7391  0.62688  -0.8783
0.13099  -0.34286  0.12481  2.7393  0.62682  -0.87826
0.13098  -0.34286  0.12474  2.7394  0.62676  -0.87822
0.13097  -0.34286  0.12466  2.7396  0.6267  -0.87817
0.13096  -0.34285  0.12458  2.7397  0.62664  -0.87813
0.13095  -0.34285  0.12451  2.7399  0.62658  -0.87809
0.13094  -0.34285  0.12443  2.74  0.62652  -0.87804
0.13093  -0.34285  0.12436  2.7402  0.62647  -0.878
0.13091  -0.34284  0.12428  2.7403  0.6264  -0.87796
0.1309  -0.34284  0.1242  2.7405  0.62634  -0.87791
0.13089  -0.34284  0.12413  2.7407  0.62628  -0.87787
0.13088  -0.34283  0.12405  2.7408  0.62623  -0.87783
0.13087  -0.34283  0.12398  2.741  0.62617  -0.87779
0.13086  -0.34283  0.1239  2.7411  0.62611  -0.87774
0.13085  -0.34282  0.12382  2.7413  0.62604  -0.8777
0.13083  -0.34282  0.12374  2.7415  0.62598  -0.87765
0.13082  -0.34281  0.12367  2.7416  0.62593  -0.87761
0.13081  -0.34281  0.1236  2.7418  0.62587  -0.87757
0.1308  -0.3428  0.12352  2.742  0.6258  -0.87752
0.13079  -0.3428  0.12344  2.7421  0.62574  -0.87747
0.13078  -0.34279  0.12336  2.7423  0.62567  -0.87743
0.13077  -0.34279  0.12329  2.7424  0.62562  -0.87739
0.13075  -0.34278  0.12322  2.7426  0.62556  -0.87734
0.13074  -0.34277  0.12313  2.7428  0.62549  -0.87729
0.13073  -0.34276  0.12306  2.7429  0.62543  -0.87725
0.13072  -0.34276  0.12298  2.7431  0.62537  -0.8772
0.13071  -0.34275  0.12292  2.7433  0.62532  -0.87717
0.1307  -0.34273  0.12284  2.7434  0.62526  -0.87712
0.13069  -0.34272  0.12276  2.7436  0.62519  -0.87707
0.13068  -0.34271  0.12269  2.7438  0.62514  -0.87703
0.13067  -0.34269  0.12261  2.744  0.62508  -0.87699
0.13066  -0.34269  0.12256  2.7441  0.62505  -0.87696
0.13065  -0.34267  0.12249  2.7442  0.625  -0.87693
0.13064  -0.34266  0.1224  2.7444  0.62494  -0.87688
0.13063  -0.34265  0.12234  2.7446  0.6249  -0.87685
0.13062  -0.34264  0.12226  2.7448  0.62484  -0.8768
0.13063  -0.34264  0.12227  2.7447  0.62485  -0.87681
0.13062  -0.34264  0.12226  2.7448  0.62484  -0.8768
